2021/01/25 08:54:25.241|OPE:FormCreatePPROGRAM FILE CREATOR  Ver.1.0.0.0  2021/01/25 8:54:242021/01/25 08:54:25.385|OPE:FormShow2021/01/25 08:54:25.396|OPE:TGroupCategoryForm.MakeCategoryPanel2021/01/25 08:54:25.414|OPE:TGroupForm.MakeComponent2021/01/25 08:54:25.447|OPE:TListForm.MakeComponent2021/01/25 08:54:25.472|OPE:TXPTLayoutForm.MakeConponent2021/01/25 08:54:25.482|OPE:TProgramListForm.MakeComponent2021/01/25 08:54:25.496|OPE:LoadDatabase2021/01/25 08:54:35.408|OPE:MakeLayoutWorkData2021/01/25 08:54:35.416|OPE:GetLayoutTable2021/01/25 08:54:35.424|OPE:GetLayoutTable2021/01/25 08:54:35.433|OPE:GetLayoutTable2021/01/25 08:54:35.439|OPE:GetLayoutTable2021/01/25 08:54:35.446|OPE:GetLayoutTable2021/01/25 08:54:35.454|OPE:GetMaxFrameId 142132021/01/25 08:54:35.459|OPE:MakeGroupFrame 14213 14024 XptDst.Tally.Dst.Gp12021/01/25 08:54:35.465|OPE:GetMaxFrameId 142142021/01/25 08:54:35.470|OPE:MakeGroupFrame 14214 14024 XptDst.Tally.Dst.Gp22021/01/25 08:54:35.476|OPE:GetLayoutTable2021/01/25 08:54:35.484|OPE:MakePanelLayoutWorkData(PANEL)2021/01/25 08:54:35.496|OPE:MakeListLayoutWorkData22021/01/25 08:54:35.504|OPE:MakeUndo 0/1  2021/01/25 08:54:35.509|OPE:CategoryButtonClick Category 設定  2021/01/25 08:54:35.521|OPE:TGroupCategoryForm.DispCategory2021/01/25 08:54:40.280|OPE:CategoryButtonClick レイアウト  2021/01/25 08:54:40.366|OPE:MakeCategoryCombo2021/01/25 08:54:40.385|OPE:MakeGroupCombo2021/01/25 08:54:40.411|OPE:TXPTLayoutForm.DispXPTLayout2021/01/25 08:54:40.417|OPE:TXPTLayoutForm.DispLayout2021/01/25 08:54:40.454|OPE:TXPTLayoutForm.GroupComboBoxChangeProc2021/01/25 08:54:40.459|OPE:TXPTLayoutForm.DispLayout2021/01/25 08:54:59.910|OPE:CategoryButtonClick Group 設定  2021/01/25 08:55:00.463|OPE:MakeCategoryCombo2021/01/25 08:55:00.477|OPE:TGroupForm.DispXPTGroup2021/01/25 08:55:07.662|OPE:CategoryButtonClick Category 設定  2021/01/25 08:55:07.677|OPE:TGroupCategoryForm.DispCategory2021/01/25 08:55:10.396|OPE:RebuildProc2021/01/25 08:55:10.422|OPE:DeleteDataBase2021/01/25 08:55:10.429|OPE:DeleteDataBase2021/01/25 08:55:10.434|OPE:DeleteDataBase2021/01/25 08:55:10.440|OPE:DeleteDataBase2021/01/25 08:55:10.445|OPE:DeleteDataBase2021/01/25 08:55:10.450|OPE:DeleteDataBase2021/01/25 08:55:10.456|OPE:DeleteDataBase2021/01/25 08:55:10.462|OPE:DeleteDataBase2021/01/25 08:55:10.469|OPE:DeleteDataBase2021/01/25 08:55:10.474|OPE:DeleteDataBase2021/01/25 08:55:10.480|OPE:DeleteDataBase2021/01/25 08:55:10.487|OPE:DeleteDataBase2021/01/25 08:55:10.493|OPE:DeleteDataBase2021/01/25 08:55:10.499|OPE:DeleteDataBase2021/01/25 08:55:10.505|OPE:DeleteDataBase2021/01/25 08:55:10.511|OPE:DeleteDataBase2021/01/25 08:55:10.517|OPE:DeleteDataBase2021/01/25 08:55:10.523|OPE:DeleteDataBase2021/01/25 08:55:10.529|OPE:DeleteDataBase2021/01/25 08:55:10.535|OPE:DeleteDataBase2021/01/25 08:55:10.544|OPE:DeleteDataBase2021/01/25 08:55:10.550|OPE:DeleteDataBase2021/01/25 08:55:10.558|OPE:DeleteDataBase2021/01/25 08:55:10.565|OPE:DeleteDataBase2021/01/25 08:55:10.571|OPE:DeleteDataBase2021/01/25 08:55:10.577|OPE:DeleteDataBase2021/01/25 08:55:10.583|OPE:DeleteDataBase2021/01/25 08:55:10.589|OPE:DeleteDataBase2021/01/25 08:55:10.595|OPE:DeleteDataBase2021/01/25 08:55:10.602|OPE:DeleteDataBase2021/01/25 08:55:10.608|OPE:DeleteDataBase2021/01/25 08:55:10.617|OPE:DeleteDataBase2021/01/25 08:55:10.624|OPE:DeleteDataBase2021/01/25 08:55:10.631|OPE:DeleteDataBase2021/01/25 08:55:10.637|OPE:DeleteDataBase2021/01/25 08:55:10.642|OPE:DeleteDataBase2021/01/25 08:55:10.648|OPE:DeleteDataBase2021/01/25 08:55:10.654|OPE:DeleteDataBase2021/01/25 08:55:10.661|OPE:DeleteDataBase2021/01/25 08:55:10.667|OPE:DeleteDataBase2021/01/25 08:55:10.675|OPE:DeleteDataBase2021/01/25 08:55:10.681|OPE:DeleteDataBase2021/01/25 08:55:10.688|OPE:DeleteDataBase2021/01/25 08:55:10.695|OPE:DeleteDataBase2021/01/25 08:55:10.701|OPE:DeleteDataBase2021/01/25 08:55:10.708|OPE:DeleteDataBase2021/01/25 08:55:10.714|OPE:DeleteDataBase2021/01/25 08:55:10.721|OPE:DeleteDataBase2021/01/25 08:55:10.727|OPE:DeleteDataBase2021/01/25 08:55:10.733|OPE:DeleteDataBase2021/01/25 08:55:10.739|OPE:DeleteDataBase2021/01/25 08:55:10.745|OPE:DeleteDataBase2021/01/25 08:55:10.751|OPE:DeleteDataBase2021/01/25 08:55:10.758|OPE:DeleteDataBase2021/01/25 08:55:10.765|OPE:DeleteDataBase2021/01/25 08:55:10.771|OPE:DeleteDataBase2021/01/25 08:55:10.777|OPE:DeleteDataBase2021/01/25 08:55:10.784|OPE:DeleteDataBase2021/01/25 08:55:10.790|OPE:DeleteDataBase2021/01/25 08:55:10.797|OPE:DeleteDataBase2021/01/25 08:55:10.805|OPE:DeleteDataBase2021/01/25 08:55:10.812|OPE:DeleteDataBase2021/01/25 08:55:10.820|OPE:DeleteDataBase2021/01/25 08:55:10.827|OPE:DeleteDataBase2021/01/25 08:55:10.836|OPE:DeleteDataBase2021/01/25 08:55:10.843|OPE:DeleteDataBase2021/01/25 08:55:10.850|OPE:DeleteDataBase2021/01/25 08:55:10.857|OPE:DeleteDataBase2021/01/25 08:55:10.864|OPE:DeleteDataBase2021/01/25 08:55:10.870|OPE:DeleteDataBase2021/01/25 08:55:10.877|OPE:DeleteDataBase2021/01/25 08:55:10.883|OPE:DeleteDataBase2021/01/25 08:55:10.889|OPE:DeleteDataBase2021/01/25 08:55:10.895|OPE:DeleteDataBase2021/01/25 08:55:10.901|OPE:DeleteDataBase2021/01/25 08:55:10.907|OPE:DeleteDataBase2021/01/25 08:55:10.913|OPE:DeleteDataBase2021/01/25 08:55:10.919|OPE:DeleteDataBase2021/01/25 08:55:10.925|OPE:DeleteDataBase2021/01/25 08:55:10.932|OPE:DeleteDataBase2021/01/25 08:55:10.939|OPE:DeleteDataBase2021/01/25 08:55:10.946|OPE:DeleteDataBase2021/01/25 08:55:10.952|OPE:DeleteDataBase2021/01/25 08:55:10.958|OPE:DeleteDataBase2021/01/25 08:55:10.965|OPE:DeleteDataBase2021/01/25 08:55:10.972|OPE:DeleteDataBase2021/01/25 08:55:10.979|OPE:DeleteDataBase2021/01/25 08:55:10.986|OPE:DeleteDataBase2021/01/25 08:55:10.992|OPE:DeleteDataBase2021/01/25 08:55:10.999|OPE:DeleteDataBase2021/01/25 08:55:11.006|OPE:DeleteDataBase2021/01/25 08:55:11.016|OPE:DeleteDataBase2021/01/25 08:55:11.025|OPE:DeleteDataBase2021/01/25 08:55:11.033|OPE:DeleteDataBase2021/01/25 08:55:11.040|OPE:DeleteDataBase2021/01/25 08:55:11.048|OPE:DeleteDataBase2021/01/25 08:55:11.055|OPE:DeleteDataBase2021/01/25 08:55:11.061|OPE:DeleteDataBase2021/01/25 08:55:11.068|OPE:DeleteDataBase2021/01/25 08:55:11.075|OPE:DeleteDataBase2021/01/25 08:55:11.083|OPE:DeleteDataBase2021/01/25 08:55:11.089|OPE:DeleteDataBase2021/01/25 08:55:11.095|OPE:DeleteDataBase2021/01/25 08:55:11.102|OPE:DeleteDataBase2021/01/25 08:55:11.108|OPE:DeleteDataBase2021/01/25 08:55:11.115|OPE:DeleteDataBase2021/01/25 08:55:11.123|OPE:DeleteDataBase2021/01/25 08:55:11.132|OPE:DeleteDataBase2021/01/25 08:55:11.142|OPE:DeleteDataBase2021/01/25 08:55:11.154|OPE:DeleteDataBase2021/01/25 08:55:11.163|OPE:DeleteDataBase2021/01/25 08:55:11.171|OPE:DeleteDataBase2021/01/25 08:55:11.182|OPE:DeleteDataBase2021/01/25 08:55:11.192|OPE:DeleteDataBase2021/01/25 08:55:11.204|OPE:DeleteDataBase2021/01/25 08:55:11.214|OPE:DeleteDataBase2021/01/25 08:55:11.224|OPE:DeleteDataBase2021/01/25 08:55:11.234|OPE:DeleteDataBase2021/01/25 08:55:11.244|OPE:DeleteDataBase2021/01/25 08:55:11.254|OPE:DeleteDataBase2021/01/25 08:55:11.262|OPE:DeleteDataBase2021/01/25 08:55:11.272|OPE:DeleteDataBase2021/01/25 08:55:11.283|OPE:DeleteDataBase2021/01/25 08:55:11.293|OPE:DeleteDataBase2021/01/25 08:55:11.304|OPE:DeleteDataBase2021/01/25 08:55:11.314|OPE:DeleteDataBase2021/01/25 08:55:11.321|OPE:DeleteDataBase2021/01/25 08:55:11.331|OPE:DeleteDataBase2021/01/25 08:55:11.341|OPE:DeleteDataBase2021/01/25 08:55:11.352|OPE:DeleteDataBase2021/01/25 08:55:11.360|OPE:DeleteDataBase2021/01/25 08:55:11.368|OPE:DeleteDataBase2021/01/25 08:55:11.376|OPE:DeleteDataBase2021/01/25 08:55:11.384|OPE:DeleteDataBase2021/01/25 08:55:11.394|OPE:DeleteDataBase2021/01/25 08:55:11.404|OPE:DeleteDataBase2021/01/25 08:55:11.411|OPE:DeleteDataBase2021/01/25 08:55:11.419|OPE:DeleteDataBase2021/01/25 08:55:11.428|OPE:DeleteDataBase2021/01/25 08:55:11.435|OPE:DeleteDataBase2021/01/25 08:55:11.446|OPE:DeleteDataBase2021/01/25 08:55:11.452|OPE:DeleteDataBase2021/01/25 08:55:11.462|OPE:DeleteDataBase2021/01/25 08:55:11.472|OPE:DeleteDataBase2021/01/25 08:55:11.479|OPE:DeleteDataBase2021/01/25 08:55:11.487|OPE:DeleteDataBase2021/01/25 08:55:11.494|OPE:DeleteDataBase2021/01/25 08:55:11.501|OPE:DeleteDataBase2021/01/25 08:55:11.508|OPE:DeleteDataBase2021/01/25 08:55:11.515|OPE:DeleteDataBase2021/01/25 08:55:11.521|OPE:DeleteDataBase2021/01/25 08:55:11.527|OPE:DeleteDataBase2021/01/25 08:55:11.534|OPE:DeleteDataBase2021/01/25 08:55:11.541|OPE:DeleteDataBase2021/01/25 08:55:11.548|OPE:DeleteDataBase2021/01/25 08:55:11.555|OPE:DeleteDataBase2021/01/25 08:55:11.562|OPE:DeleteDataBase2021/01/25 08:55:11.570|OPE:DeleteDataBase2021/01/25 08:55:11.577|OPE:DeleteDataBase2021/01/25 08:55:11.585|OPE:DeleteDataBase2021/01/25 08:55:11.591|OPE:DeleteDataBase2021/01/25 08:55:11.598|OPE:DeleteDataBase2021/01/25 08:55:11.605|OPE:DeleteDataBase2021/01/25 08:55:11.611|OPE:DeleteDataBase2021/01/25 08:55:11.618|OPE:DeleteDataBase2021/01/25 08:55:11.628|OPE:DeleteDataBase2021/01/25 08:55:11.635|OPE:DeleteDataBase2021/01/25 08:55:11.643|OPE:DeleteDataBase2021/01/25 08:55:11.654|OPE:DeleteDataBase2021/01/25 08:55:11.662|OPE:DeleteDataBase2021/01/25 08:55:11.669|OPE:DeleteDataBase2021/01/25 08:55:11.676|OPE:DeleteDataBase2021/01/25 08:55:11.683|OPE:DeleteDataBase2021/01/25 08:55:11.691|OPE:DeleteDataBase2021/01/25 08:55:11.698|OPE:DeleteDataBase2021/01/25 08:55:11.705|OPE:DeleteDataBase2021/01/25 08:55:11.712|OPE:DeleteDataBase2021/01/25 08:55:11.720|OPE:DeleteDataBase2021/01/25 08:55:11.726|OPE:DeleteDataBase2021/01/25 08:55:11.733|OPE:DeleteDataBase2021/01/25 08:55:11.740|OPE:DeleteDataBase2021/01/25 08:55:11.748|OPE:DeleteDataBase2021/01/25 08:55:11.755|OPE:DeleteDataBase2021/01/25 08:55:11.763|OPE:DeleteDataBase2021/01/25 08:55:11.770|OPE:DeleteDataBase2021/01/25 08:55:11.777|OPE:DeleteDataBase2021/01/25 08:55:11.784|OPE:DeleteDataBase2021/01/25 08:55:11.792|OPE:DeleteDataBase2021/01/25 08:55:11.799|OPE:DeleteDataBase2021/01/25 08:55:11.806|OPE:DeleteDataBase2021/01/25 08:55:11.814|OPE:DeleteDataBase2021/01/25 08:55:11.821|OPE:DeleteDataBase2021/01/25 08:55:11.830|OPE:DeleteDataBase2021/01/25 08:55:11.837|OPE:DeleteDataBase2021/01/25 08:55:11.845|OPE:DeleteDataBase2021/01/25 08:55:11.853|OPE:DeleteDataBase2021/01/25 08:55:11.861|OPE:DeleteDataBase2021/01/25 08:55:11.869|OPE:DeleteDataBase2021/01/25 08:55:11.876|OPE:DeleteDataBase2021/01/25 08:55:11.884|OPE:DeleteDataBase2021/01/25 08:55:11.891|OPE:DeleteDataBase2021/01/25 08:55:11.897|OPE:DeleteDataBase2021/01/25 08:55:11.904|OPE:DeleteDataBase2021/01/25 08:55:11.911|OPE:DeleteDataBase2021/01/25 08:55:11.918|OPE:DeleteDataBase2021/01/25 08:55:11.924|OPE:DeleteDataBase2021/01/25 08:55:11.931|OPE:DeleteDataBase2021/01/25 08:55:11.938|OPE:DeleteDataBase2021/01/25 08:55:11.945|OPE:DeleteDataBase2021/01/25 08:55:11.952|OPE:DeleteDataBase2021/01/25 08:55:11.959|OPE:DeleteDataBase2021/01/25 08:55:11.967|OPE:DeleteDataBase2021/01/25 08:55:11.974|OPE:DeleteDataBase2021/01/25 08:55:11.981|OPE:DeleteDataBase2021/01/25 08:55:11.988|OPE:DeleteDataBase2021/01/25 08:55:11.995|OPE:DeleteDataBase2021/01/25 08:55:12.002|OPE:DeleteDataBase2021/01/25 08:55:12.009|OPE:DeleteDataBase2021/01/25 08:55:12.016|OPE:DeleteDataBase2021/01/25 08:55:12.024|OPE:DeleteDataBase2021/01/25 08:55:12.032|OPE:DeleteDataBase2021/01/25 08:55:12.039|OPE:DeleteDataBase2021/01/25 08:55:12.049|OPE:DeleteDataBase2021/01/25 08:55:12.056|OPE:DeleteDataBase2021/01/25 08:55:12.064|OPE:DeleteDataBase2021/01/25 08:55:12.075|OPE:DeleteDataBase2021/01/25 08:55:12.082|OPE:DeleteDataBase2021/01/25 08:55:12.089|OPE:DeleteDataBase2021/01/25 08:55:12.097|OPE:DeleteDataBase2021/01/25 08:55:12.104|OPE:DeleteDataBase2021/01/25 08:55:12.112|OPE:DeleteDataBase2021/01/25 08:55:12.119|OPE:DeleteDataBase2021/01/25 08:55:12.127|OPE:DeleteDataBase2021/01/25 08:55:12.134|OPE:DeleteDataBase2021/01/25 08:55:12.141|OPE:DeleteDataBase2021/01/25 08:55:12.149|OPE:DeleteDataBase2021/01/25 08:55:12.156|OPE:DeleteDataBase2021/01/25 08:55:12.164|OPE:DeleteDataBase2021/01/25 08:55:12.171|OPE:DeleteDataBase2021/01/25 08:55:12.179|OPE:DeleteDataBase2021/01/25 08:55:12.186|OPE:DeleteDataBase2021/01/25 08:55:12.192|OPE:DeleteDataBase2021/01/25 08:55:12.200|OPE:DeleteDataBase2021/01/25 08:55:12.208|OPE:DeleteDataBase2021/01/25 08:55:12.214|OPE:DeleteDataBase2021/01/25 08:55:12.221|OPE:DeleteDataBase2021/01/25 08:55:12.226|OPE:DeleteDataBase2021/01/25 08:55:12.234|OPE:DeleteDataBase2021/01/25 08:55:12.242|OPE:DeleteDataBase2021/01/25 08:55:12.252|OPE:DeleteDataBase2021/01/25 08:55:12.259|OPE:DeleteDataBase2021/01/25 08:55:12.268|OPE:DeleteDataBase2021/01/25 08:55:12.277|OPE:DeleteDataBase2021/01/25 08:55:12.285|OPE:DeleteDataBase2021/01/25 08:55:12.292|OPE:DeleteDataBase2021/01/25 08:55:12.299|OPE:DeleteDataBase2021/01/25 08:55:12.307|OPE:DeleteDataBase2021/01/25 08:55:12.315|OPE:DeleteDataBase2021/01/25 08:55:12.322|OPE:DeleteDataBase2021/01/25 08:55:12.329|OPE:DeleteDataBase2021/01/25 08:55:12.337|OPE:DeleteDataBase2021/01/25 08:55:12.345|OPE:DeleteDataBase2021/01/25 08:55:12.353|OPE:DeleteDataBase2021/01/25 08:55:12.360|OPE:DeleteDataBase2021/01/25 08:55:12.368|OPE:DeleteDataBase2021/01/25 08:55:12.375|OPE:DeleteDataBase2021/01/25 08:55:12.382|OPE:DeleteDataBase2021/01/25 08:55:12.389|OPE:DeleteDataBase2021/01/25 08:55:12.397|OPE:DeleteDataBase2021/01/25 08:55:12.404|OPE:DeleteDataBase2021/01/25 08:55:12.412|OPE:DeleteDataBase2021/01/25 08:55:12.419|OPE:DeleteDataBase2021/01/25 08:55:12.426|OPE:DeleteDataBase2021/01/25 08:55:12.434|OPE:DeleteDataBase2021/01/25 08:55:12.441|OPE:DeleteDataBase2021/01/25 08:55:12.449|OPE:DeleteDataBase2021/01/25 08:55:12.457|OPE:DeleteDataBase2021/01/25 08:55:12.465|OPE:DeleteDataBase2021/01/25 08:55:12.473|OPE:DeleteDataBase2021/01/25 08:55:12.484|OPE:DeleteDataBase2021/01/25 08:55:12.492|OPE:DeleteDataBase2021/01/25 08:55:12.499|OPE:DeleteDataBase2021/01/25 08:55:12.506|OPE:DeleteDataBase2021/01/25 08:55:12.514|OPE:DeleteDataBase2021/01/25 08:55:12.521|OPE:DeleteDataBase2021/01/25 08:55:12.528|OPE:DeleteDataBase2021/01/25 08:55:12.535|OPE:DeleteDataBase2021/01/25 08:55:12.543|OPE:DeleteDataBase2021/01/25 08:55:12.550|OPE:DeleteDataBase2021/01/25 08:55:12.558|OPE:DeleteDataBase2021/01/25 08:55:12.565|OPE:DeleteDataBase2021/01/25 08:55:12.573|OPE:DeleteDataBase2021/01/25 08:55:12.580|OPE:DeleteDataBase2021/01/25 08:55:12.588|OPE:DeleteDataBase2021/01/25 08:55:12.595|OPE:DeleteDataBase2021/01/25 08:55:12.602|OPE:DeleteDataBase2021/01/25 08:55:12.609|OPE:DeleteDataBase2021/01/25 08:55:12.616|OPE:DeleteDataBase2021/01/25 08:55:12.623|OPE:DeleteDataBase2021/01/25 08:55:12.631|OPE:DeleteDataBase2021/01/25 08:55:12.638|OPE:DeleteDataBase2021/01/25 08:55:12.645|OPE:DeleteDataBase2021/01/25 08:55:12.652|OPE:DeleteDataBase2021/01/25 08:55:12.660|OPE:DeleteDataBase2021/01/25 08:55:12.668|OPE:DeleteDataBase2021/01/25 08:55:12.677|OPE:DeleteDataBase2021/01/25 08:55:12.685|OPE:DeleteDataBase2021/01/25 08:55:12.696|OPE:DeleteDataBase2021/01/25 08:55:12.706|OPE:DeleteDataBase2021/01/25 08:55:12.714|OPE:DeleteDataBase2021/01/25 08:55:12.725|OPE:DeleteDataBase2021/01/25 08:55:12.736|OPE:DeleteDataBase2021/01/25 08:55:12.743|OPE:DeleteDataBase2021/01/25 08:55:12.750|OPE:DeleteDataBase2021/01/25 08:55:12.758|OPE:DeleteDataBase2021/01/25 08:55:12.768|OPE:DeleteDataBase2021/01/25 08:55:12.776|OPE:DeleteDataBase2021/01/25 08:55:12.783|OPE:DeleteDataBase2021/01/25 08:55:12.791|OPE:DeleteDataBase2021/01/25 08:55:12.798|OPE:DeleteDataBase2021/01/25 08:55:12.805|OPE:DeleteDataBase2021/01/25 08:55:12.813|OPE:DeleteDataBase2021/01/25 08:55:12.820|OPE:DeleteDataBase2021/01/25 08:55:12.828|OPE:DeleteDataBase2021/01/25 08:55:12.836|OPE:DeleteDataBase2021/01/25 08:55:12.843|OPE:DeleteDataBase2021/01/25 08:55:12.851|OPE:DeleteDataBase2021/01/25 08:55:12.858|OPE:DeleteDataBase2021/01/25 08:55:12.866|OPE:DeleteDataBase2021/01/25 08:55:12.875|OPE:DeleteDataBase2021/01/25 08:55:12.889|OPE:DeleteDataBase2021/01/25 08:55:12.897|OPE:DeleteDataBase2021/01/25 08:55:12.904|OPE:DeleteDataBase2021/01/25 08:55:12.916|OPE:DeleteDataBase2021/01/25 08:55:12.928|OPE:DeleteDataBase2021/01/25 08:55:12.936|OPE:DeleteDataBase2021/01/25 08:55:12.944|OPE:DeleteDataBase2021/01/25 08:55:12.952|OPE:DeleteDataBase2021/01/25 08:55:12.959|OPE:DeleteDataBase2021/01/25 08:55:12.967|OPE:DeleteDataBase2021/01/25 08:55:12.974|OPE:DeleteDataBase2021/01/25 08:55:12.982|OPE:DeleteDataBase2021/01/25 08:55:12.989|OPE:DeleteDataBase2021/01/25 08:55:12.996|OPE:DeleteDataBase2021/01/25 08:55:13.004|OPE:DeleteDataBase2021/01/25 08:55:13.011|OPE:DeleteDataBase2021/01/25 08:55:13.018|OPE:DeleteDataBase2021/01/25 08:55:13.025|OPE:DeleteDataBase2021/01/25 08:55:13.033|OPE:DeleteDataBase2021/01/25 08:55:13.040|OPE:DeleteDataBase2021/01/25 08:55:13.047|OPE:DeleteDataBase2021/01/25 08:55:13.054|OPE:DeleteDataBase2021/01/25 08:55:13.061|OPE:DeleteDataBase2021/01/25 08:55:13.069|OPE:DeleteDataBase2021/01/25 08:55:13.080|OPE:DeleteDataBase2021/01/25 08:55:13.088|OPE:DeleteDataBase2021/01/25 08:55:13.097|OPE:DeleteDataBase2021/01/25 08:55:13.107|OPE:DeleteDataBase2021/01/25 08:55:13.115|OPE:DeleteDataBase2021/01/25 08:55:13.123|OPE:DeleteDataBase2021/01/25 08:55:13.131|OPE:DeleteDataBase2021/01/25 08:55:13.138|OPE:DeleteDataBase2021/01/25 08:55:13.146|OPE:DeleteDataBase2021/01/25 08:55:13.153|OPE:DeleteDataBase2021/01/25 08:55:13.161|OPE:DeleteDataBase2021/01/25 08:55:13.168|OPE:DeleteDataBase2021/01/25 08:55:13.176|OPE:DeleteDataBase2021/01/25 08:55:13.183|OPE:DeleteDataBase2021/01/25 08:55:13.191|OPE:DeleteDataBase2021/01/25 08:55:13.199|OPE:DeleteDataBase2021/01/25 08:55:13.207|OPE:DeleteDataBase2021/01/25 08:55:13.215|OPE:DeleteDataBase2021/01/25 08:55:13.223|OPE:DeleteDataBase2021/01/25 08:55:13.231|OPE:DeleteDataBase2021/01/25 08:55:13.239|OPE:DeleteDataBase2021/01/25 08:55:13.248|OPE:DeleteDataBase2021/01/25 08:55:13.257|OPE:DeleteDataBase2021/01/25 08:55:13.264|OPE:DeleteDataBase2021/01/25 08:55:13.271|OPE:DeleteDataBase2021/01/25 08:55:13.281|OPE:DeleteDataBase2021/01/25 08:55:13.288|OPE:DeleteDataBase2021/01/25 08:55:13.295|OPE:DeleteDataBase2021/01/25 08:55:13.306|OPE:DeleteDataBase2021/01/25 08:55:13.314|OPE:DeleteDataBase2021/01/25 08:55:13.321|OPE:DeleteDataBase2021/01/25 08:55:13.328|OPE:DeleteDataBase2021/01/25 08:55:13.336|OPE:DeleteDataBase2021/01/25 08:55:13.344|OPE:DeleteDataBase2021/01/25 08:55:13.352|OPE:DeleteDataBase2021/01/25 08:55:13.359|OPE:DeleteDataBase2021/01/25 08:55:13.366|OPE:DeleteDataBase2021/01/25 08:55:13.372|OPE:DeleteDataBase2021/01/25 08:55:13.379|OPE:DeleteDataBase2021/01/25 08:55:13.385|OPE:DeleteDataBase2021/01/25 08:55:13.391|OPE:DeleteDataBase2021/01/25 08:55:13.397|OPE:DeleteDataBase2021/01/25 08:55:13.405|OPE:MakeLayoutWorkData2021/01/25 08:55:18.485|OPE:GetMaxScreenSelectButtonId 25452021/01/25 08:55:18.491|OPE:MakeGroupButton 2545 11802 Xpt.Cate12021/01/25 08:55:18.497|OPE:AddDataBase 1 25452021/01/25 08:55:18.503|OPE:GetMaxFrameId 142152021/01/25 08:55:18.509|OPE:MakeGroupFrame 14215 11815 Xpt.Cate12021/01/25 08:55:18.516|OPE:AddDataBase 0 142152021/01/25 08:55:18.522|OPE:GetMaxFrameId 142162021/01/25 08:55:18.528|OPE:MakeGroupFrame 14216 14215 DESTINATION GROUP SELECTOR2021/01/25 08:55:18.537|OPE:AddDataBase 0 142162021/01/25 08:55:18.543|OPE:GetMaxScreenSelectButtonId 25462021/01/25 08:55:18.549|OPE:MakeGroupButton 2546 14216 Xpt.Cate1.Dst.Gp12021/01/25 08:55:18.555|OPE:AddDataBase 1 25462021/01/25 08:55:18.562|OPE:GetMaxScreenSelectButtonId 25472021/01/25 08:55:18.568|OPE:MakeGroupButton 2547 14216 Xpt.Cate1.Dst.Gp22021/01/25 08:55:18.574|OPE:AddDataBase 1 25472021/01/25 08:55:18.580|OPE:GetMaxScreenSelectButtonId 25482021/01/25 08:55:18.588|OPE:MakeGroupButton 2548 14216 Xpt.Cate1.Dst.Gp32021/01/25 08:55:18.594|OPE:AddDataBase 1 25482021/01/25 08:55:18.602|OPE:GetMaxScreenSelectButtonId 25492021/01/25 08:55:18.611|OPE:MakeGroupButton 2549 14216 Xpt.Cate1.Dst.Gp42021/01/25 08:55:18.619|OPE:AddDataBase 1 25492021/01/25 08:55:18.627|OPE:GetMaxScreenSelectButtonId 25502021/01/25 08:55:18.635|OPE:MakeGroupButton 2550 14216 Xpt.Cate1.Dst.Gp52021/01/25 08:55:18.641|OPE:AddDataBase 1 25502021/01/25 08:55:18.647|OPE:GetMaxScreenSelectButtonId 25512021/01/25 08:55:18.653|OPE:MakeGroupButton 2551 14216 Xpt.Cate1.Dst.Gp62021/01/25 08:55:18.659|OPE:AddDataBase 1 25512021/01/25 08:55:18.665|OPE:GetMaxScreenSelectButtonId 25522021/01/25 08:55:18.672|OPE:MakeGroupButton 2552 14216 Xpt.Cate1.Dst.Gp72021/01/25 08:55:18.678|OPE:AddDataBase 1 25522021/01/25 08:55:18.684|OPE:GetMaxScreenSelectButtonId 25532021/01/25 08:55:18.690|OPE:MakeGroupButton 2553 14216 Xpt.Cate1.Dst.Gp82021/01/25 08:55:18.696|OPE:AddDataBase 1 25532021/01/25 08:55:18.702|OPE:GetMaxScreenSelectButtonId 25542021/01/25 08:55:18.708|OPE:MakeGroupButton 2554 14216 Xpt.Cate1.Dst.Gp92021/01/25 08:55:18.714|OPE:AddDataBase 1 25542021/01/25 08:55:18.720|OPE:GetMaxScreenSelectButtonId 25552021/01/25 08:55:18.726|OPE:MakeGroupButton 2555 14216 Xpt.Cate1.Dst.Gp102021/01/25 08:55:18.732|OPE:AddDataBase 1 25552021/01/25 08:55:18.738|OPE:GetMaxFrameId 142172021/01/25 08:55:18.744|OPE:MakeGroupFrame 14217 14215 DESTINATION SELECTION2021/01/25 08:55:18.751|OPE:AddDataBase 0 142172021/01/25 08:55:18.757|OPE:GetMaxFrameId 142182021/01/25 08:55:18.763|OPE:MakeGroupFrame 14218 14217 Xpt.Cate1.Dst.Gp12021/01/25 08:55:18.769|OPE:AddDataBase 0 142182021/01/25 08:55:18.775|OPE:GetMaxFrameId 142192021/01/25 08:55:18.781|OPE:MakeGroupFrame 14219 14217 Xpt.Cate1.Dst.Gp22021/01/25 08:55:18.788|OPE:AddDataBase 0 142192021/01/25 08:55:18.795|OPE:GetMaxFrameId 142202021/01/25 08:55:18.804|OPE:MakeGroupFrame 14220 14217 Xpt.Cate1.Dst.Gp32021/01/25 08:55:18.809|OPE:AddDataBase 0 142202021/01/25 08:55:18.815|OPE:GetMaxFrameId 142212021/01/25 08:55:18.821|OPE:MakeGroupFrame 14221 14217 Xpt.Cate1.Dst.Gp42021/01/25 08:55:18.827|OPE:AddDataBase 0 142212021/01/25 08:55:18.833|OPE:GetMaxFrameId 142222021/01/25 08:55:18.839|OPE:MakeGroupFrame 14222 14217 Xpt.Cate1.Dst.Gp52021/01/25 08:55:18.845|OPE:AddDataBase 0 142222021/01/25 08:55:18.851|OPE:GetMaxFrameId 142232021/01/25 08:55:18.857|OPE:MakeGroupFrame 14223 14217 Xpt.Cate1.Dst.Gp62021/01/25 08:55:18.863|OPE:AddDataBase 0 142232021/01/25 08:55:18.869|OPE:GetMaxFrameId 142242021/01/25 08:55:18.875|OPE:MakeGroupFrame 14224 14217 Xpt.Cate1.Dst.Gp72021/01/25 08:55:18.881|OPE:AddDataBase 0 142242021/01/25 08:55:18.887|OPE:GetMaxFrameId 142252021/01/25 08:55:18.893|OPE:MakeGroupFrame 14225 14217 Xpt.Cate1.Dst.Gp82021/01/25 08:55:18.898|OPE:AddDataBase 0 142252021/01/25 08:55:18.904|OPE:GetMaxFrameId 142262021/01/25 08:55:18.910|OPE:MakeGroupFrame 14226 14217 Xpt.Cate1.Dst.Gp92021/01/25 08:55:18.916|OPE:AddDataBase 0 142262021/01/25 08:55:18.922|OPE:GetMaxFrameId 142272021/01/25 08:55:18.928|OPE:MakeGroupFrame 14227 14217 Xpt.Cate1.Dst.Gp102021/01/25 08:55:18.934|OPE:AddDataBase 0 142272021/01/25 08:55:18.940|OPE:GetMaxFrameId 142282021/01/25 08:55:18.945|OPE:MakeGroupFrame 14228 14215 SOURCE GROUP SELECTOR2021/01/25 08:55:18.951|OPE:AddDataBase 0 142282021/01/25 08:55:18.957|OPE:GetMaxScreenSelectButtonId 25562021/01/25 08:55:18.963|OPE:MakeGroupButton 2556 14228 Xpt.Cate1.Src.Gp12021/01/25 08:55:18.969|OPE:AddDataBase 1 25562021/01/25 08:55:18.975|OPE:GetMaxScreenSelectButtonId 25572021/01/25 08:55:18.980|OPE:MakeGroupButton 2557 14228 Xpt.Cate1.Src.Gp22021/01/25 08:55:18.986|OPE:AddDataBase 1 25572021/01/25 08:55:18.993|OPE:GetMaxScreenSelectButtonId 25582021/01/25 08:55:19.001|OPE:MakeGroupButton 2558 14228 Xpt.Cate1.Src.Gp32021/01/25 08:55:19.008|OPE:AddDataBase 1 25582021/01/25 08:55:19.014|OPE:GetMaxScreenSelectButtonId 25592021/01/25 08:55:19.020|OPE:MakeGroupButton 2559 14228 Xpt.Cate1.Src.Gp42021/01/25 08:55:19.026|OPE:AddDataBase 1 25592021/01/25 08:55:19.034|OPE:GetMaxScreenSelectButtonId 25602021/01/25 08:55:19.039|OPE:MakeGroupButton 2560 14228 Xpt.Cate1.Src.Gp52021/01/25 08:55:19.046|OPE:AddDataBase 1 25602021/01/25 08:55:19.052|OPE:GetMaxScreenSelectButtonId 25612021/01/25 08:55:19.057|OPE:MakeGroupButton 2561 14228 Xpt.Cate1.Src.Gp62021/01/25 08:55:19.063|OPE:AddDataBase 1 25612021/01/25 08:55:19.069|OPE:GetMaxScreenSelectButtonId 25622021/01/25 08:55:19.075|OPE:MakeGroupButton 2562 14228 Xpt.Cate1.Src.Gp72021/01/25 08:55:19.080|OPE:AddDataBase 1 25622021/01/25 08:55:19.086|OPE:GetMaxScreenSelectButtonId 25632021/01/25 08:55:19.092|OPE:MakeGroupButton 2563 14228 Xpt.Cate1.Src.Gp82021/01/25 08:55:19.098|OPE:AddDataBase 1 25632021/01/25 08:55:19.104|OPE:GetMaxScreenSelectButtonId 25642021/01/25 08:55:19.110|OPE:MakeGroupButton 2564 14228 Xpt.Cate1.Src.Gp92021/01/25 08:55:19.116|OPE:AddDataBase 1 25642021/01/25 08:55:19.121|OPE:GetMaxScreenSelectButtonId 25652021/01/25 08:55:19.127|OPE:MakeGroupButton 2565 14228 Xpt.Cate1.Src.Gp102021/01/25 08:55:19.133|OPE:AddDataBase 1 25652021/01/25 08:55:19.139|OPE:GetMaxFrameId 142292021/01/25 08:55:19.145|OPE:MakeGroupFrame 14229 14215 SOURCE GROUP SELECTOR2021/01/25 08:55:19.151|OPE:AddDataBase 0 142292021/01/25 08:55:19.157|OPE:GetMaxFrameId 142302021/01/25 08:55:19.163|OPE:MakeGroupFrame 14230 14229 Xpt.Cate1.Src.Gp12021/01/25 08:55:19.168|OPE:AddDataBase 0 142302021/01/25 08:55:19.174|OPE:GetMaxFrameId 142312021/01/25 08:55:19.179|OPE:MakeGroupFrame 14231 14229 Xpt.Cate1.Src.Gp22021/01/25 08:55:19.185|OPE:AddDataBase 0 142312021/01/25 08:55:19.191|OPE:GetMaxFrameId 142322021/01/25 08:55:19.198|OPE:MakeGroupFrame 14232 14229 Xpt.Cate1.Src.Gp32021/01/25 08:55:19.204|OPE:AddDataBase 0 142322021/01/25 08:55:19.211|OPE:GetMaxFrameId 142332021/01/25 08:55:19.219|OPE:MakeGroupFrame 14233 14229 Xpt.Cate1.Src.Gp42021/01/25 08:55:19.224|OPE:AddDataBase 0 142332021/01/25 08:55:19.231|OPE:GetMaxFrameId 142342021/01/25 08:55:19.237|OPE:MakeGroupFrame 14234 14229 Xpt.Cate1.Src.Gp52021/01/25 08:55:19.243|OPE:AddDataBase 0 142342021/01/25 08:55:19.248|OPE:GetMaxFrameId 142352021/01/25 08:55:19.255|OPE:MakeGroupFrame 14235 14229 Xpt.Cate1.Src.Gp62021/01/25 08:55:19.260|OPE:AddDataBase 0 142352021/01/25 08:55:19.267|OPE:GetMaxFrameId 142362021/01/25 08:55:19.272|OPE:MakeGroupFrame 14236 14229 Xpt.Cate1.Src.Gp72021/01/25 08:55:19.278|OPE:AddDataBase 0 142362021/01/25 08:55:19.284|OPE:GetMaxFrameId 142372021/01/25 08:55:19.290|OPE:MakeGroupFrame 14237 14229 Xpt.Cate1.Src.Gp82021/01/25 08:55:19.295|OPE:AddDataBase 0 142372021/01/25 08:55:19.302|OPE:GetMaxFrameId 142382021/01/25 08:55:19.307|OPE:MakeGroupFrame 14238 14229 Xpt.Cate1.Src.Gp92021/01/25 08:55:19.313|OPE:AddDataBase 0 142382021/01/25 08:55:19.319|OPE:GetMaxFrameId 142392021/01/25 08:55:19.324|OPE:MakeGroupFrame 14239 14229 Xpt.Cate1.Src.Gp102021/01/25 08:55:19.330|OPE:AddDataBase 0 142392021/01/25 08:55:19.336|OPE:GetMaxScreenSelectButtonId 25662021/01/25 08:55:19.342|OPE:MakeGroupButton 2566 11802 Xpt.Cate22021/01/25 08:55:19.348|OPE:AddDataBase 1 25662021/01/25 08:55:19.354|OPE:GetMaxFrameId 142402021/01/25 08:55:19.359|OPE:MakeGroupFrame 14240 11815 Xpt.Cate22021/01/25 08:55:19.365|OPE:AddDataBase 0 142402021/01/25 08:55:19.371|OPE:GetMaxFrameId 142412021/01/25 08:55:19.377|OPE:MakeGroupFrame 14241 14240 DESTINATION GROUP SELECTOR2021/01/25 08:55:19.383|OPE:AddDataBase 0 142412021/01/25 08:55:19.389|OPE:GetMaxScreenSelectButtonId 25672021/01/25 08:55:19.395|OPE:MakeGroupButton 2567 14241 Xpt.Cate2.Dst.Gp12021/01/25 08:55:19.401|OPE:AddDataBase 1 25672021/01/25 08:55:19.410|OPE:GetMaxScreenSelectButtonId 25682021/01/25 08:55:19.417|OPE:MakeGroupButton 2568 14241 Xpt.Cate2.Dst.Gp22021/01/25 08:55:19.423|OPE:AddDataBase 1 25682021/01/25 08:55:19.430|OPE:GetMaxScreenSelectButtonId 25692021/01/25 08:55:19.435|OPE:MakeGroupButton 2569 14241 Xpt.Cate2.Dst.Gp32021/01/25 08:55:19.441|OPE:AddDataBase 1 25692021/01/25 08:55:19.447|OPE:GetMaxScreenSelectButtonId 25702021/01/25 08:55:19.454|OPE:MakeGroupButton 2570 14241 Xpt.Cate2.Dst.Gp42021/01/25 08:55:19.460|OPE:AddDataBase 1 25702021/01/25 08:55:19.466|OPE:GetMaxScreenSelectButtonId 25712021/01/25 08:55:19.472|OPE:MakeGroupButton 2571 14241 Xpt.Cate2.Dst.Gp52021/01/25 08:55:19.478|OPE:AddDataBase 1 25712021/01/25 08:55:19.484|OPE:GetMaxScreenSelectButtonId 25722021/01/25 08:55:19.490|OPE:MakeGroupButton 2572 14241 Xpt.Cate2.Dst.Gp62021/01/25 08:55:19.496|OPE:AddDataBase 1 25722021/01/25 08:55:19.502|OPE:GetMaxScreenSelectButtonId 25732021/01/25 08:55:19.508|OPE:MakeGroupButton 2573 14241 Xpt.Cate2.Dst.Gp72021/01/25 08:55:19.514|OPE:AddDataBase 1 25732021/01/25 08:55:19.520|OPE:GetMaxScreenSelectButtonId 25742021/01/25 08:55:19.526|OPE:MakeGroupButton 2574 14241 Xpt.Cate2.Dst.Gp82021/01/25 08:55:19.531|OPE:AddDataBase 1 25742021/01/25 08:55:19.538|OPE:GetMaxScreenSelectButtonId 25752021/01/25 08:55:19.544|OPE:MakeGroupButton 2575 14241 Xpt.Cate2.Dst.Gp92021/01/25 08:55:19.549|OPE:AddDataBase 1 25752021/01/25 08:55:19.555|OPE:GetMaxScreenSelectButtonId 25762021/01/25 08:55:19.561|OPE:MakeGroupButton 2576 14241 Xpt.Cate2.Dst.Gp102021/01/25 08:55:19.567|OPE:AddDataBase 1 25762021/01/25 08:55:19.573|OPE:GetMaxFrameId 142422021/01/25 08:55:19.579|OPE:MakeGroupFrame 14242 14240 DESTINATION SELECTION2021/01/25 08:55:19.584|OPE:AddDataBase 0 142422021/01/25 08:55:19.590|OPE:GetMaxFrameId 142432021/01/25 08:55:19.596|OPE:MakeGroupFrame 14243 14242 Xpt.Cate2.Dst.Gp12021/01/25 08:55:19.602|OPE:AddDataBase 0 142432021/01/25 08:55:19.610|OPE:GetMaxFrameId 142442021/01/25 08:55:19.617|OPE:MakeGroupFrame 14244 14242 Xpt.Cate2.Dst.Gp22021/01/25 08:55:19.623|OPE:AddDataBase 0 142442021/01/25 08:55:19.630|OPE:GetMaxFrameId 142452021/01/25 08:55:19.635|OPE:MakeGroupFrame 14245 14242 Xpt.Cate2.Dst.Gp32021/01/25 08:55:19.641|OPE:AddDataBase 0 142452021/01/25 08:55:19.647|OPE:GetMaxFrameId 142462021/01/25 08:55:19.653|OPE:MakeGroupFrame 14246 14242 Xpt.Cate2.Dst.Gp42021/01/25 08:55:19.659|OPE:AddDataBase 0 142462021/01/25 08:55:19.665|OPE:GetMaxFrameId 142472021/01/25 08:55:19.670|OPE:MakeGroupFrame 14247 14242 Xpt.Cate2.Dst.Gp52021/01/25 08:55:19.677|OPE:AddDataBase 0 142472021/01/25 08:55:19.683|OPE:GetMaxFrameId 142482021/01/25 08:55:19.688|OPE:MakeGroupFrame 14248 14242 Xpt.Cate2.Dst.Gp62021/01/25 08:55:19.695|OPE:AddDataBase 0 142482021/01/25 08:55:19.701|OPE:GetMaxFrameId 142492021/01/25 08:55:19.706|OPE:MakeGroupFrame 14249 14242 Xpt.Cate2.Dst.Gp72021/01/25 08:55:19.712|OPE:AddDataBase 0 142492021/01/25 08:55:19.718|OPE:GetMaxFrameId 142502021/01/25 08:55:19.724|OPE:MakeGroupFrame 14250 14242 Xpt.Cate2.Dst.Gp82021/01/25 08:55:19.730|OPE:AddDataBase 0 142502021/01/25 08:55:19.736|OPE:GetMaxFrameId 142512021/01/25 08:55:19.741|OPE:MakeGroupFrame 14251 14242 Xpt.Cate2.Dst.Gp92021/01/25 08:55:19.747|OPE:AddDataBase 0 142512021/01/25 08:55:19.754|OPE:GetMaxFrameId 142522021/01/25 08:55:19.759|OPE:MakeGroupFrame 14252 14242 Xpt.Cate2.Dst.Gp102021/01/25 08:55:19.765|OPE:AddDataBase 0 142522021/01/25 08:55:19.771|OPE:GetMaxFrameId 142532021/01/25 08:55:19.777|OPE:MakeGroupFrame 14253 14240 SOURCE GROUP SELECTOR2021/01/25 08:55:19.783|OPE:AddDataBase 0 142532021/01/25 08:55:19.789|OPE:GetMaxScreenSelectButtonId 25772021/01/25 08:55:19.795|OPE:MakeGroupButton 2577 14253 Xpt.Cate2.Src.Gp12021/01/25 08:55:19.801|OPE:AddDataBase 1 25772021/01/25 08:55:19.807|OPE:GetMaxScreenSelectButtonId 25782021/01/25 08:55:19.813|OPE:MakeGroupButton 2578 14253 Xpt.Cate2.Src.Gp22021/01/25 08:55:19.820|OPE:AddDataBase 1 25782021/01/25 08:55:19.826|OPE:GetMaxScreenSelectButtonId 25792021/01/25 08:55:19.832|OPE:MakeGroupButton 2579 14253 Xpt.Cate2.Src.Gp32021/01/25 08:55:19.840|OPE:AddDataBase 1 25792021/01/25 08:55:19.848|OPE:GetMaxScreenSelectButtonId 25802021/01/25 08:55:19.855|OPE:MakeGroupButton 2580 14253 Xpt.Cate2.Src.Gp42021/01/25 08:55:19.862|OPE:AddDataBase 1 25802021/01/25 08:55:19.868|OPE:GetMaxScreenSelectButtonId 25812021/01/25 08:55:19.874|OPE:MakeGroupButton 2581 14253 Xpt.Cate2.Src.Gp52021/01/25 08:55:19.880|OPE:AddDataBase 1 25812021/01/25 08:55:19.886|OPE:GetMaxScreenSelectButtonId 25822021/01/25 08:55:19.892|OPE:MakeGroupButton 2582 14253 Xpt.Cate2.Src.Gp62021/01/25 08:55:19.898|OPE:AddDataBase 1 25822021/01/25 08:55:19.904|OPE:GetMaxScreenSelectButtonId 25832021/01/25 08:55:19.910|OPE:MakeGroupButton 2583 14253 Xpt.Cate2.Src.Gp72021/01/25 08:55:19.916|OPE:AddDataBase 1 25832021/01/25 08:55:19.922|OPE:GetMaxScreenSelectButtonId 25842021/01/25 08:55:19.927|OPE:MakeGroupButton 2584 14253 Xpt.Cate2.Src.Gp82021/01/25 08:55:19.933|OPE:AddDataBase 1 25842021/01/25 08:55:19.939|OPE:GetMaxScreenSelectButtonId 25852021/01/25 08:55:19.945|OPE:MakeGroupButton 2585 14253 Xpt.Cate2.Src.Gp92021/01/25 08:55:19.951|OPE:AddDataBase 1 25852021/01/25 08:55:19.957|OPE:GetMaxScreenSelectButtonId 25862021/01/25 08:55:19.962|OPE:MakeGroupButton 2586 14253 Xpt.Cate2.Src.Gp102021/01/25 08:55:19.968|OPE:AddDataBase 1 25862021/01/25 08:55:19.974|OPE:GetMaxFrameId 142542021/01/25 08:55:19.980|OPE:MakeGroupFrame 14254 14240 SOURCE GROUP SELECTOR2021/01/25 08:55:19.986|OPE:AddDataBase 0 142542021/01/25 08:55:19.992|OPE:GetMaxFrameId 142552021/01/25 08:55:19.997|OPE:MakeGroupFrame 14255 14254 Xpt.Cate2.Src.Gp12021/01/25 08:55:20.004|OPE:AddDataBase 0 142552021/01/25 08:55:20.010|OPE:GetMaxFrameId 142562021/01/25 08:55:20.018|OPE:MakeGroupFrame 14256 14254 Xpt.Cate2.Src.Gp22021/01/25 08:55:20.024|OPE:AddDataBase 0 142562021/01/25 08:55:20.031|OPE:GetMaxFrameId 142572021/01/25 08:55:20.039|OPE:MakeGroupFrame 14257 14254 Xpt.Cate2.Src.Gp32021/01/25 08:55:20.044|OPE:AddDataBase 0 142572021/01/25 08:55:20.050|OPE:GetMaxFrameId 142582021/01/25 08:55:20.058|OPE:MakeGroupFrame 14258 14254 Xpt.Cate2.Src.Gp42021/01/25 08:55:20.067|OPE:AddDataBase 0 142582021/01/25 08:55:20.073|OPE:GetMaxFrameId 142592021/01/25 08:55:20.078|OPE:MakeGroupFrame 14259 14254 Xpt.Cate2.Src.Gp52021/01/25 08:55:20.085|OPE:AddDataBase 0 142592021/01/25 08:55:20.090|OPE:GetMaxFrameId 142602021/01/25 08:55:20.097|OPE:MakeGroupFrame 14260 14254 Xpt.Cate2.Src.Gp62021/01/25 08:55:20.102|OPE:AddDataBase 0 142602021/01/25 08:55:20.108|OPE:GetMaxFrameId 142612021/01/25 08:55:20.114|OPE:MakeGroupFrame 14261 14254 Xpt.Cate2.Src.Gp72021/01/25 08:55:20.120|OPE:AddDataBase 0 142612021/01/25 08:55:20.126|OPE:GetMaxFrameId 142622021/01/25 08:55:20.132|OPE:MakeGroupFrame 14262 14254 Xpt.Cate2.Src.Gp82021/01/25 08:55:20.138|OPE:AddDataBase 0 142622021/01/25 08:55:20.144|OPE:GetMaxFrameId 142632021/01/25 08:55:20.150|OPE:MakeGroupFrame 14263 14254 Xpt.Cate2.Src.Gp92021/01/25 08:55:20.155|OPE:AddDataBase 0 142632021/01/25 08:55:20.161|OPE:GetMaxFrameId 142642021/01/25 08:55:20.167|OPE:MakeGroupFrame 14264 14254 Xpt.Cate2.Src.Gp102021/01/25 08:55:20.173|OPE:AddDataBase 0 142642021/01/25 08:55:20.179|OPE:GetMaxScreenSelectButtonId 25872021/01/25 08:55:20.184|OPE:MakeGroupButton 2587 11802 Xpt.Cate32021/01/25 08:55:20.190|OPE:AddDataBase 1 25872021/01/25 08:55:20.196|OPE:GetMaxFrameId 142652021/01/25 08:55:20.202|OPE:MakeGroupFrame 14265 11815 Xpt.Cate32021/01/25 08:55:20.207|OPE:AddDataBase 0 142652021/01/25 08:55:20.214|OPE:GetMaxFrameId 142662021/01/25 08:55:20.221|OPE:MakeGroupFrame 14266 14265 DESTINATION GROUP SELECTOR2021/01/25 08:55:20.227|OPE:AddDataBase 0 142662021/01/25 08:55:20.235|OPE:GetMaxScreenSelectButtonId 25882021/01/25 08:55:20.242|OPE:MakeGroupButton 2588 14266 Xpt.Cate3.Dst.Gp12021/01/25 08:55:20.249|OPE:AddDataBase 1 25882021/01/25 08:55:20.257|OPE:GetMaxScreenSelectButtonId 25892021/01/25 08:55:20.264|OPE:MakeGroupButton 2589 14266 Xpt.Cate3.Dst.Gp22021/01/25 08:55:20.270|OPE:AddDataBase 1 25892021/01/25 08:55:20.278|OPE:GetMaxScreenSelectButtonId 25902021/01/25 08:55:20.285|OPE:MakeGroupButton 2590 14266 Xpt.Cate3.Dst.Gp32021/01/25 08:55:20.291|OPE:AddDataBase 1 25902021/01/25 08:55:20.298|OPE:GetMaxScreenSelectButtonId 25912021/01/25 08:55:20.305|OPE:MakeGroupButton 2591 14266 Xpt.Cate3.Dst.Gp42021/01/25 08:55:20.312|OPE:AddDataBase 1 25912021/01/25 08:55:20.320|OPE:GetMaxScreenSelectButtonId 25922021/01/25 08:55:20.327|OPE:MakeGroupButton 2592 14266 Xpt.Cate3.Dst.Gp52021/01/25 08:55:20.334|OPE:AddDataBase 1 25922021/01/25 08:55:20.340|OPE:GetMaxScreenSelectButtonId 25932021/01/25 08:55:20.347|OPE:MakeGroupButton 2593 14266 Xpt.Cate3.Dst.Gp62021/01/25 08:55:20.354|OPE:AddDataBase 1 25932021/01/25 08:55:20.361|OPE:GetMaxScreenSelectButtonId 25942021/01/25 08:55:20.368|OPE:MakeGroupButton 2594 14266 Xpt.Cate3.Dst.Gp72021/01/25 08:55:20.375|OPE:AddDataBase 1 25942021/01/25 08:55:20.381|OPE:GetMaxScreenSelectButtonId 25952021/01/25 08:55:20.388|OPE:MakeGroupButton 2595 14266 Xpt.Cate3.Dst.Gp82021/01/25 08:55:20.395|OPE:AddDataBase 1 25952021/01/25 08:55:20.402|OPE:GetMaxScreenSelectButtonId 25962021/01/25 08:55:20.409|OPE:MakeGroupButton 2596 14266 Xpt.Cate3.Dst.Gp92021/01/25 08:55:20.416|OPE:AddDataBase 1 25962021/01/25 08:55:20.424|OPE:GetMaxScreenSelectButtonId 25972021/01/25 08:55:20.431|OPE:MakeGroupButton 2597 14266 Xpt.Cate3.Dst.Gp102021/01/25 08:55:20.440|OPE:AddDataBase 1 25972021/01/25 08:55:20.447|OPE:GetMaxFrameId 142672021/01/25 08:55:20.455|OPE:MakeGroupFrame 14267 14265 DESTINATION SELECTION2021/01/25 08:55:20.462|OPE:AddDataBase 0 142672021/01/25 08:55:20.469|OPE:GetMaxFrameId 142682021/01/25 08:55:20.476|OPE:MakeGroupFrame 14268 14267 Xpt.Cate3.Dst.Gp12021/01/25 08:55:20.483|OPE:AddDataBase 0 142682021/01/25 08:55:20.491|OPE:GetMaxFrameId 142692021/01/25 08:55:20.497|OPE:MakeGroupFrame 14269 14267 Xpt.Cate3.Dst.Gp22021/01/25 08:55:20.504|OPE:AddDataBase 0 142692021/01/25 08:55:20.511|OPE:GetMaxFrameId 142702021/01/25 08:55:20.518|OPE:MakeGroupFrame 14270 14267 Xpt.Cate3.Dst.Gp32021/01/25 08:55:20.525|OPE:AddDataBase 0 142702021/01/25 08:55:20.531|OPE:GetMaxFrameId 142712021/01/25 08:55:20.538|OPE:MakeGroupFrame 14271 14267 Xpt.Cate3.Dst.Gp42021/01/25 08:55:20.545|OPE:AddDataBase 0 142712021/01/25 08:55:20.553|OPE:GetMaxFrameId 142722021/01/25 08:55:20.559|OPE:MakeGroupFrame 14272 14267 Xpt.Cate3.Dst.Gp52021/01/25 08:55:20.566|OPE:AddDataBase 0 142722021/01/25 08:55:20.573|OPE:GetMaxFrameId 142732021/01/25 08:55:20.580|OPE:MakeGroupFrame 14273 14267 Xpt.Cate3.Dst.Gp62021/01/25 08:55:20.587|OPE:AddDataBase 0 142732021/01/25 08:55:20.594|OPE:GetMaxFrameId 142742021/01/25 08:55:20.601|OPE:MakeGroupFrame 14274 14267 Xpt.Cate3.Dst.Gp72021/01/25 08:55:20.607|OPE:AddDataBase 0 142742021/01/25 08:55:20.614|OPE:GetMaxFrameId 142752021/01/25 08:55:20.621|OPE:MakeGroupFrame 14275 14267 Xpt.Cate3.Dst.Gp82021/01/25 08:55:20.631|OPE:AddDataBase 0 142752021/01/25 08:55:20.639|OPE:GetMaxFrameId 142762021/01/25 08:55:20.649|OPE:MakeGroupFrame 14276 14267 Xpt.Cate3.Dst.Gp92021/01/25 08:55:20.656|OPE:AddDataBase 0 142762021/01/25 08:55:20.663|OPE:GetMaxFrameId 142772021/01/25 08:55:20.669|OPE:MakeGroupFrame 14277 14267 Xpt.Cate3.Dst.Gp102021/01/25 08:55:20.679|OPE:AddDataBase 0 142772021/01/25 08:55:20.686|OPE:GetMaxFrameId 142782021/01/25 08:55:20.693|OPE:MakeGroupFrame 14278 14265 SOURCE GROUP SELECTOR2021/01/25 08:55:20.700|OPE:AddDataBase 0 142782021/01/25 08:55:20.707|OPE:GetMaxScreenSelectButtonId 25982021/01/25 08:55:20.714|OPE:MakeGroupButton 2598 14278 Xpt.Cate3.Src.Gp12021/01/25 08:55:20.721|OPE:AddDataBase 1 25982021/01/25 08:55:20.728|OPE:GetMaxScreenSelectButtonId 25992021/01/25 08:55:20.735|OPE:MakeGroupButton 2599 14278 Xpt.Cate3.Src.Gp22021/01/25 08:55:20.742|OPE:AddDataBase 1 25992021/01/25 08:55:20.749|OPE:GetMaxScreenSelectButtonId 26002021/01/25 08:55:20.755|OPE:MakeGroupButton 2600 14278 Xpt.Cate3.Src.Gp32021/01/25 08:55:20.763|OPE:AddDataBase 1 26002021/01/25 08:55:20.770|OP