2021/01/25 09:14:25.512|OPE:FormCreatePPROGRAM FILE CREATOR  Ver.1.0.0.0  2021/01/25 9:14:242021/01/25 09:14:25.659|OPE:FormShow2021/01/25 09:14:25.670|OPE:TGroupCategoryForm.MakeCategoryPanel2021/01/25 09:14:25.689|OPE:TGroupForm.MakeComponent2021/01/25 09:14:25.724|OPE:TListForm.MakeComponent2021/01/25 09:14:25.749|OPE:TXPTLayoutForm.MakeConponent2021/01/25 09:14:25.763|OPE:TProgramListForm.MakeComponent2021/01/25 09:14:25.782|OPE:LoadDatabase2021/01/25 09:14:34.412|OPE:MakeLayoutWorkData2021/01/25 09:14:34.422|OPE:GetLayoutTable2021/01/25 09:14:34.432|OPE:GetLayoutTable2021/01/25 09:14:34.442|OPE:GetLayoutTable2021/01/25 09:14:34.448|OPE:GetMaxScreenSelectButtonId 27552021/01/25 09:14:34.453|OPE:MakeGroupButton 2755 14229 Xpt.Cate1.Src.Gp12021/01/25 09:14:34.462|OPE:GetMaxScreenSelectButtonId 27562021/01/25 09:14:34.471|OPE:MakeGroupButton 2756 14229 Xpt.Cate1.Src.Gp22021/01/25 09:14:34.478|OPE:GetMaxScreenSelectButtonId 27572021/01/25 09:14:34.483|OPE:MakeGroupButton 2757 14229 Xpt.Cate1.Src.Gp32021/01/25 09:14:34.489|OPE:GetMaxScreenSelectButtonId 27582021/01/25 09:14:34.494|OPE:MakeGroupButton 2758 14229 Xpt.Cate1.Src.Gp42021/01/25 09:14:34.500|OPE:GetMaxScreenSelectButtonId 27592021/01/25 09:14:34.505|OPE:MakeGroupButton 2759 14229 Xpt.Cate1.Src.Gp52021/01/25 09:14:34.510|OPE:GetMaxScreenSelectButtonId 27602021/01/25 09:14:34.516|OPE:MakeGroupButton 2760 14229 Xpt.Cate1.Src.Gp62021/01/25 09:14:34.521|OPE:GetMaxScreenSelectButtonId 27612021/01/25 09:14:34.526|OPE:MakeGroupButton 2761 14229 Xpt.Cate1.Src.Gp72021/01/25 09:14:34.532|OPE:GetMaxScreenSelectButtonId 27622021/01/25 09:14:34.537|OPE:MakeGroupButton 2762 14229 Xpt.Cate1.Src.Gp82021/01/25 09:14:34.542|OPE:GetMaxScreenSelectButtonId 27632021/01/25 09:14:34.547|OPE:MakeGroupButton 2763 14229 Xpt.Cate1.Src.Gp92021/01/25 09:14:34.553|OPE:GetMaxScreenSelectButtonId 27642021/01/25 09:14:34.558|OPE:MakeGroupButton 2764 14229 Xpt.Cate1.Src.Gp102021/01/25 09:14:34.564|OPE:GetLayoutTable2021/01/25 09:14:34.570|OPE:GetLayoutTable2021/01/25 09:14:34.576|OPE:GetLayoutTable2021/01/25 09:14:34.582|OPE:GetMaxScreenSelectButtonId 27652021/01/25 09:14:34.587|OPE:MakeGroupButton 2765 14254 Xpt.Cate2.Src.Gp12021/01/25 09:14:34.592|OPE:GetMaxScreenSelectButtonId 27662021/01/25 09:14:34.597|OPE:MakeGroupButton 2766 14254 Xpt.Cate2.Src.Gp22021/01/25 09:14:34.603|OPE:GetMaxScreenSelectButtonId 27672021/01/25 09:14:34.614|OPE:MakeGroupButton 2767 14254 Xpt.Cate2.Src.Gp32021/01/25 09:14:34.621|OPE:GetMaxScreenSelectButtonId 27682021/01/25 09:14:34.627|OPE:MakeGroupButton 2768 14254 Xpt.Cate2.Src.Gp42021/01/25 09:14:34.633|OPE:GetMaxScreenSelectButtonId 27692021/01/25 09:14:34.638|OPE:MakeGroupButton 2769 14254 Xpt.Cate2.Src.Gp52021/01/25 09:14:34.646|OPE:GetMaxScreenSelectButtonId 27702021/01/25 09:14:34.651|OPE:MakeGroupButton 2770 14254 Xpt.Cate2.Src.Gp62021/01/25 09:14:34.659|OPE:GetMaxScreenSelectButtonId 27712021/01/25 09:14:34.666|OPE:MakeGroupButton 2771 14254 Xpt.Cate2.Src.Gp72021/01/25 09:14:34.671|OPE:GetMaxScreenSelectButtonId 27722021/01/25 09:14:34.676|OPE:MakeGroupButton 2772 14254 Xpt.Cate2.Src.Gp82021/01/25 09:14:34.683|OPE:GetMaxScreenSelectButtonId 27732021/01/25 09:14:34.688|OPE:MakeGroupButton 2773 14254 Xpt.Cate2.Src.Gp92021/01/25 09:14:34.694|OPE:GetMaxScreenSelectButtonId 27742021/01/25 09:14:34.699|OPE:MakeGroupButton 2774 14254 Xpt.Cate2.Src.Gp102021/01/25 09:14:34.705|OPE:GetLayoutTable2021/01/25 09:14:34.711|OPE:GetLayoutTable2021/01/25 09:14:34.717|OPE:GetLayoutTable2021/01/25 09:14:34.722|OPE:GetMaxScreenSelectButtonId 27752021/01/25 09:14:34.728|OPE:MakeGroupButton 2775 14279 Xpt.Cate3.Src.Gp12021/01/25 09:14:34.735|OPE:GetMaxScreenSelectButtonId 27762021/01/25 09:14:34.741|OPE:MakeGroupButton 2776 14279 Xpt.Cate3.Src.Gp22021/01/25 09:14:34.747|OPE:GetMaxScreenSelectButtonId 27772021/01/25 09:14:34.753|OPE:MakeGroupButton 2777 14279 Xpt.Cate3.Src.Gp32021/01/25 09:14:34.758|OPE:GetMaxScreenSelectButtonId 27782021/01/25 09:14:34.763|OPE:MakeGroupButton 2778 14279 Xpt.Cate3.Src.Gp42021/01/25 09:14:34.769|OPE:GetMaxScreenSelectButtonId 27792021/01/25 09:14:34.774|OPE:MakeGroupButton 2779 14279 Xpt.Cate3.Src.Gp52021/01/25 09:14:34.780|OPE:GetMaxScreenSelectButtonId 27802021/01/25 09:14:34.785|OPE:MakeGroupButton 2780 14279 Xpt.Cate3.Src.Gp62021/01/25 09:14:34.791|OPE:GetMaxScreenSelectButtonId 27812021/01/25 09:14:34.796|OPE:MakeGroupButton 2781 14279 Xpt.Cate3.Src.Gp72021/01/25 09:14:34.802|OPE:GetMaxScreenSelectButtonId 27822021/01/25 09:14:34.807|OPE:MakeGroupButton 2782 14279 Xpt.Cate3.Src.Gp82021/01/25 09:14:34.812|OPE:GetMaxScreenSelectButtonId 27832021/01/25 09:14:34.818|OPE:MakeGroupButton 2783 14279 Xpt.Cate3.Src.Gp92021/01/25 09:14:34.823|OPE:GetMaxScreenSelectButtonId 27842021/01/25 09:14:34.828|OPE:MakeGroupButton 2784 14279 Xpt.Cate3.Src.Gp102021/01/25 09:14:34.834|OPE:GetLayoutTable2021/01/25 09:14:34.842|OPE:GetLayoutTable2021/01/25 09:14:34.848|OPE:GetLayoutTable2021/01/25 09:14:34.854|OPE:GetMaxScreenSelectButtonId 27852021/01/25 09:14:34.860|OPE:MakeGroupButton 2785 14304 Xpt.Cate4.Src.Gp12021/01/25 09:14:34.868|OPE:GetMaxScreenSelectButtonId 27862021/01/25 09:14:34.874|OPE:MakeGroupButton 2786 14304 Xpt.Cate4.Src.Gp22021/01/25 09:14:34.880|OPE:GetMaxScreenSelectButtonId 27872021/01/25 09:14:34.885|OPE:MakeGroupButton 2787 14304 Xpt.Cate4.Src.Gp32021/01/25 09:14:34.891|OPE:GetMaxScreenSelectButtonId 27882021/01/25 09:14:34.896|OPE:MakeGroupButton 2788 14304 Xpt.Cate4.Src.Gp42021/01/25 09:14:34.901|OPE:GetMaxScreenSelectButtonId 27892021/01/25 09:14:34.907|OPE:MakeGroupButton 2789 14304 Xpt.Cate4.Src.Gp52021/01/25 09:14:34.913|OPE:GetMaxScreenSelectButtonId 27902021/01/25 09:14:34.918|OPE:MakeGroupButton 2790 14304 Xpt.Cate4.Src.Gp62021/01/25 09:14:34.925|OPE:GetMaxScreenSelectButtonId 27912021/01/25 09:14:34.931|OPE:MakeGroupButton 2791 14304 Xpt.Cate4.Src.Gp72021/01/25 09:14:34.937|OPE:GetMaxScreenSelectButtonId 27922021/01/25 09:14:34.942|OPE:MakeGroupButton 2792 14304 Xpt.Cate4.Src.Gp82021/01/25 09:14:34.948|OPE:GetMaxScreenSelectButtonId 27932021/01/25 09:14:34.954|OPE:MakeGroupButton 2793 14304 Xpt.Cate4.Src.Gp92021/01/25 09:14:34.959|OPE:GetMaxScreenSelectButtonId 27942021/01/25 09:14:34.965|OPE:MakeGroupButton 2794 14304 Xpt.Cate4.Src.Gp102021/01/25 09:14:34.970|OPE:GetLayoutTable2021/01/25 09:14:34.977|OPE:GetLayoutTable2021/01/25 09:14:34.983|OPE:GetLayoutTable2021/01/25 09:14:34.989|OPE:GetMaxScreenSelectButtonId 27952021/01/25 09:14:34.994|OPE:MakeGroupButton 2795 14329 Xpt.Cate5.Src.Gp12021/01/25 09:14:35.000|OPE:GetMaxScreenSelectButtonId 27962021/01/25 09:14:35.005|OPE:MakeGroupButton 2796 14329 Xpt.Cate5.Src.Gp22021/01/25 09:14:35.011|OPE:GetMaxScreenSelectButtonId 27972021/01/25 09:14:35.016|OPE:MakeGroupButton 2797 14329 Xpt.Cate5.Src.Gp32021/01/25 09:14:35.022|OPE:GetMaxScreenSelectButtonId 27982021/01/25 09:14:35.027|OPE:MakeGroupButton 2798 14329 Xpt.Cate5.Src.Gp42021/01/25 09:14:35.033|OPE:GetMaxScreenSelectButtonId 27992021/01/25 09:14:35.038|OPE:MakeGroupButton 2799 14329 Xpt.Cate5.Src.Gp52021/01/25 09:14:35.046|OPE:GetMaxScreenSelectButtonId 28002021/01/25 09:14:35.051|OPE:MakeGroupButton 2800 14329 Xpt.Cate5.Src.Gp62021/01/25 09:14:35.057|OPE:GetMaxScreenSelectButtonId 28012021/01/25 09:14:35.064|OPE:MakeGroupButton 2801 14329 Xpt.Cate5.Src.Gp72021/01/25 09:14:35.070|OPE:GetMaxScreenSelectButtonId 28022021/01/25 09:14:35.075|OPE:MakeGroupButton 2802 14329 Xpt.Cate5.Src.Gp82021/01/25 09:14:35.082|OPE:GetMaxScreenSelectButtonId 28032021/01/25 09:14:35.088|OPE:MakeGroupButton 2803 14329 Xpt.Cate5.Src.Gp92021/01/25 09:14:35.093|OPE:GetMaxScreenSelectButtonId 28042021/01/25 09:14:35.099|OPE:MakeGroupButton 2804 14329 Xpt.Cate5.Src.Gp102021/01/25 09:14:35.105|OPE:GetLayoutTable2021/01/25 09:14:35.111|OPE:GetLayoutTable2021/01/25 09:14:35.117|OPE:GetLayoutTable2021/01/25 09:14:35.123|OPE:GetMaxScreenSelectButtonId 28052021/01/25 09:14:35.128|OPE:MakeGroupButton 2805 14354 Xpt.Cate6.Src.Gp12021/01/25 09:14:35.135|OPE:GetMaxScreenSelectButtonId 28062021/01/25 09:14:35.140|OPE:MakeGroupButton 2806 14354 Xpt.Cate6.Src.Gp22021/01/25 09:14:35.146|OPE:GetMaxScreenSelectButtonId 28072021/01/25 09:14:35.151|OPE:MakeGroupButton 2807 14354 Xpt.Cate6.Src.Gp32021/01/25 09:14:35.158|OPE:GetMaxScreenSelectButtonId 28082021/01/25 09:14:35.164|OPE:MakeGroupButton 2808 14354 Xpt.Cate6.Src.Gp42021/01/25 09:14:35.169|OPE:GetMaxScreenSelectButtonId 28092021/01/25 09:14:35.176|OPE:MakeGroupButton 2809 14354 Xpt.Cate6.Src.Gp52021/01/25 09:14:35.182|OPE:GetMaxScreenSelectButtonId 28102021/01/25 09:14:35.187|OPE:MakeGroupButton 2810 14354 Xpt.Cate6.Src.Gp62021/01/25 09:14:35.194|OPE:GetMaxScreenSelectButtonId 28112021/01/25 09:14:35.198|OPE:MakeGroupButton 2811 14354 Xpt.Cate6.Src.Gp72021/01/25 09:14:35.204|OPE:GetMaxScreenSelectButtonId 28122021/01/25 09:14:35.210|OPE:MakeGroupButton 2812 14354 Xpt.Cate6.Src.Gp82021/01/25 09:14:35.215|OPE:GetMaxScreenSelectButtonId 28132021/01/25 09:14:35.221|OPE:MakeGroupButton 2813 14354 Xpt.Cate6.Src.Gp92021/01/25 09:14:35.228|OPE:GetMaxScreenSelectButtonId 28142021/01/25 09:14:35.234|OPE:MakeGroupButton 2814 14354 Xpt.Cate6.Src.Gp102021/01/25 09:14:35.240|OPE:GetLayoutTable2021/01/25 09:14:35.247|OPE:GetLayoutTable2021/01/25 09:14:35.256|OPE:GetLayoutTable2021/01/25 09:14:35.263|OPE:GetMaxScreenSelectButtonId 28152021/01/25 09:14:35.271|OPE:MakeGroupButton 2815 14379 Xpt.Cate7.Src.Gp12021/01/25 09:14:35.277|OPE:GetMaxScreenSelectButtonId 28162021/01/25 09:14:35.284|OPE:MakeGroupButton 2816 14379 Xpt.Cate7.Src.Gp22021/01/25 09:14:35.290|OPE:GetMaxScreenSelectButtonId 28172021/01/25 09:14:35.296|OPE:MakeGroupButton 2817 14379 Xpt.Cate7.Src.Gp32021/01/25 09:14:35.302|OPE:GetMaxScreenSelectButtonId 28182021/01/25 09:14:35.308|OPE:MakeGroupButton 2818 14379 Xpt.Cate7.Src.Gp42021/01/25 09:14:35.314|OPE:GetMaxScreenSelectButtonId 28192021/01/25 09:14:35.320|OPE:MakeGroupButton 2819 14379 Xpt.Cate7.Src.Gp52021/01/25 09:14:35.326|OPE:GetMaxScreenSelectButtonId 28202021/01/25 09:14:35.334|OPE:MakeGroupButton 2820 14379 Xpt.Cate7.Src.Gp62021/01/25 09:14:35.341|OPE:GetMaxScreenSelectButtonId 28212021/01/25 09:14:35.346|OPE:MakeGroupButton 2821 14379 Xpt.Cate7.Src.Gp72021/01/25 09:14:35.352|OPE:GetMaxScreenSelectButtonId 28222021/01/25 09:14:35.357|OPE:MakeGroupButton 2822 14379 Xpt.Cate7.Src.Gp82021/01/25 09:14:35.363|OPE:GetMaxScreenSelectButtonId 28232021/01/25 09:14:35.369|OPE:MakeGroupButton 2823 14379 Xpt.Cate7.Src.Gp92021/01/25 09:14:35.375|OPE:GetMaxScreenSelectButtonId 28242021/01/25 09:14:35.380|OPE:MakeGroupButton 2824 14379 Xpt.Cate7.Src.Gp102021/01/25 09:14:35.386|OPE:GetLayoutTable2021/01/25 09:14:35.392|OPE:GetLayoutTable2021/01/25 09:14:35.398|OPE:GetLayoutTable2021/01/25 09:14:35.404|OPE:GetMaxScreenSelectButtonId 28252021/01/25 09:14:35.409|OPE:MakeGroupButton 2825 14404 Xpt.Cate8.Src.Gp12021/01/25 09:14:35.416|OPE:GetMaxScreenSelectButtonId 28262021/01/25 09:14:35.422|OPE:MakeGroupButton 2826 14404 Xpt.Cate8.Src.Gp22021/01/25 09:14:35.427|OPE:GetMaxScreenSelectButtonId 28272021/01/25 09:14:35.433|OPE:MakeGroupButton 2827 14404 Xpt.Cate8.Src.Gp32021/01/25 09:14:35.439|OPE:GetMaxScreenSelectButtonId 28282021/01/25 09:14:35.445|OPE:MakeGroupButton 2828 14404 Xpt.Cate8.Src.Gp42021/01/25 09:14:35.451|OPE:GetMaxScreenSelectButtonId 28292021/01/25 09:14:35.456|OPE:MakeGroupButton 2829 14404 Xpt.Cate8.Src.Gp52021/01/25 09:14:35.462|OPE:GetMaxScreenSelectButtonId 28302021/01/25 09:14:35.470|OPE:MakeGroupButton 2830 14404 Xpt.Cate8.Src.Gp62021/01/25 09:14:35.476|OPE:GetMaxScreenSelectButtonId 28312021/01/25 09:14:35.482|OPE:MakeGroupButton 2831 14404 Xpt.Cate8.Src.Gp72021/01/25 09:14:35.489|OPE:GetMaxScreenSelectButtonId 28322021/01/25 09:14:35.497|OPE:MakeGroupButton 2832 14404 Xpt.Cate8.Src.Gp82021/01/25 09:14:35.503|OPE:GetMaxScreenSelectButtonId 28332021/01/25 09:14:35.509|OPE:MakeGroupButton 2833 14404 Xpt.Cate8.Src.Gp92021/01/25 09:14:35.516|OPE:GetMaxScreenSelectButtonId 28342021/01/25 09:14:35.523|OPE:MakeGroupButton 2834 14404 Xpt.Cate8.Src.Gp102021/01/25 09:14:35.529|OPE:GetLayoutTable2021/01/25 09:14:35.535|OPE:GetLayoutTable2021/01/25 09:14:35.542|OPE:GetLayoutTable2021/01/25 09:14:35.548|OPE:GetMaxScreenSelectButtonId 28352021/01/25 09:14:35.553|OPE:MakeGroupButton 2835 14429 Xpt.Cate9.Src.Gp12021/01/25 09:14:35.559|OPE:GetMaxScreenSelectButtonId 28362021/01/25 09:14:35.565|OPE:MakeGroupButton 2836 14429 Xpt.Cate9.Src.Gp22021/01/25 09:14:35.571|OPE:GetMaxScreenSelectButtonId 28372021/01/25 09:14:35.576|OPE:MakeGroupButton 2837 14429 Xpt.Cate9.Src.Gp32021/01/25 09:14:35.582|OPE:GetMaxScreenSelectButtonId 28382021/01/25 09:14:35.588|OPE:MakeGroupButton 2838 14429 Xpt.Cate9.Src.Gp42021/01/25 09:14:35.594|OPE:GetMaxScreenSelectButtonId 28392021/01/25 09:14:35.599|OPE:MakeGroupButton 2839 14429 Xpt.Cate9.Src.Gp52021/01/25 09:14:35.605|OPE:GetMaxScreenSelectButtonId 28402021/01/25 09:14:35.611|OPE:MakeGroupButton 2840 14429 Xpt.Cate9.Src.Gp62021/01/25 09:14:35.616|OPE:GetMaxScreenSelectButtonId 28412021/01/25 09:14:35.622|OPE:MakeGroupButton 2841 14429 Xpt.Cate9.Src.Gp72021/01/25 09:14:35.627|OPE:GetMaxScreenSelectButtonId 28422021/01/25 09:14:35.633|OPE:MakeGroupButton 2842 14429 Xpt.Cate9.Src.Gp82021/01/25 09:14:35.638|OPE:GetMaxScreenSelectButtonId 28432021/01/25 09:14:35.644|OPE:MakeGroupButton 2843 14429 Xpt.Cate9.Src.Gp92021/01/25 09:14:35.650|OPE:GetMaxScreenSelectButtonId 28442021/01/25 09:14:35.655|OPE:MakeGroupButton 2844 14429 Xpt.Cate9.Src.Gp102021/01/25 09:14:35.661|OPE:GetLayoutTable2021/01/25 09:14:35.669|OPE:GetLayoutTable2021/01/25 09:14:35.677|OPE:GetLayoutTable2021/01/25 09:14:35.684|OPE:GetMaxScreenSelectButtonId 28452021/01/25 09:14:35.693|OPE:MakeGroupButton 2845 14454 Xpt.Cate10.Src.Gp12021/01/25 09:14:35.701|OPE:GetMaxScreenSelectButtonId 28462021/01/25 09:14:35.707|OPE:MakeGroupButton 2846 14454 Xpt.Cate10.Src.Gp22021/01/25 09:14:35.713|OPE:GetMaxScreenSelectButtonId 28472021/01/25 09:14:35.721|OPE:MakeGroupButton 2847 14454 Xpt.Cate10.Src.Gp32021/01/25 09:14:35.728|OPE:GetMaxScreenSelectButtonId 28482021/01/25 09:14:35.735|OPE:MakeGroupButton 2848 14454 Xpt.Cate10.Src.Gp42021/01/25 09:14:35.742|OPE:GetMaxScreenSelectButtonId 28492021/01/25 09:14:35.748|OPE:MakeGroupButton 2849 14454 Xpt.Cate10.Src.Gp52021/01/25 09:14:35.754|OPE:GetMaxScreenSelectButtonId 28502021/01/25 09:14:35.759|OPE:MakeGroupButton 2850 14454 Xpt.Cate10.Src.Gp62021/01/25 09:14:35.766|OPE:GetMaxScreenSelectButtonId 28512021/01/25 09:14:35.771|OPE:MakeGroupButton 2851 14454 Xpt.Cate10.Src.Gp72021/01/25 09:14:35.777|OPE:GetMaxScreenSelectButtonId 28522021/01/25 09:14:35.783|OPE:MakeGroupButton 2852 14454 Xpt.Cate10.Src.Gp82021/01/25 09:14:35.789|OPE:GetMaxScreenSelectButtonId 28532021/01/25 09:14:35.794|OPE:MakeGroupButton 2853 14454 Xpt.Cate10.Src.Gp92021/01/25 09:14:35.800|OPE:GetMaxScreenSelectButtonId 28542021/01/25 09:14:35.806|OPE:MakeGroupButton 2854 14454 Xpt.Cate10.Src.Gp102021/01/25 09:14:35.810|OPE:MakePanelLayoutWorkData(PANEL)2021/01/25 09:14:35.825|OPE:MakeListLayoutWorkData22021/01/25 09:14:35.833|OPE:MakeUndo 0/1  2021/01/25 09:14:35.838|OPE:CategoryButtonClick Category ê›íË  2021/01/25 09:14:35.851|OPE:TGroupCategoryForm.DispCategory2021/01/25 09:14:50.468|OPE:RebuildProc2021/01/25 09:14:50.486|OPE:DeleteDataBase2021/01/25 09:14:50.493|OPE:DeleteDataBase2021/01/25 09:14:50.499|OPE:DeleteDataBase2021/01/25 09:14:50.505|OPE:DeleteDataBase2021/01/25 09:14:50.512|OPE:DeleteDataBase2021/01/25 09:14:50.518|OPE:DeleteDataBase2021/01/25 09:14:50.524|OPE:DeleteDataBase2021/01/25 09:14:50.530|OPE:DeleteDataBase2021/01/25 09:14:50.536|OPE:DeleteDataBase2021/01/25 09:14:50.543|OPE:DeleteDataBase2021/01/25 09:14:50.549|OPE:DeleteDataBase2021/01/25 09:14:50.555|OPE:DeleteDataBase2021/01/25 09:14:50.562|OPE:DeleteDataBase2021/01/25 09:14:50.569|OPE:DeleteDataBase2021/01/25 09:14:50.575|OPE:DeleteDataBase2021/01/25 09:14:50.581|OPE:DeleteDataBase2021/01/25 09:14:50.588|OPE:DeleteDataBase2021/01/25 09:14:50.595|OPE:DeleteDataBase2021/01/25 09:14:50.601|OPE:DeleteDataBase2021/01/25 09:14:50.607|OPE:DeleteDataBase2021/01/25 09:14:50.614|OPE:DeleteDataBase2021/01/25 09:14:50.620|OPE:DeleteDataBase2021/01/25 09:14:50.626|OPE:DeleteDataBase2021/01/25 09:14:50.632|OPE:DeleteDataBase2021/01/25 09:14:50.638|OPE:DeleteDataBase2021/01/25 09:14:50.644|OPE:DeleteDataBase2021/01/25 09:14:50.649|OPE:DeleteDataBase2021/01/25 09:14:50.657|OPE:DeleteDataBase2021/01/25 09:14:50.664|OPE:DeleteDataBase2021/01/25 09:14:50.670|OPE:DeleteDataBase2021/01/25 09:14:50.678|OPE:DeleteDataBase2021/01/25 09:14:50.684|OPE:DeleteDataBase2021/01/25 09:14:50.691|OPE:DeleteDataBase2021/01/25 09:14:50.697|OPE:DeleteDataBase2021/01/25 09:14:50.703|OPE:DeleteDataBase2021/01/25 09:14:50.710|OPE:DeleteDataBase2021/01/25 09:14:50.716|OPE:DeleteDataBase2021/01/25 09:14:50.723|OPE:DeleteDataBase2021/01/25 09:14:50.729|OPE:DeleteDataBase2021/01/25 09:14:50.735|OPE:DeleteDataBase2021/01/25 09:14:50.742|OPE:DeleteDataBase2021/01/25 09:14:50.748|OPE:DeleteDataBase2021/01/25 09:14:50.756|OPE:DeleteDataBase2021/01/25 09:14:50.762|OPE:DeleteDataBase2021/01/25 09:14:50.769|OPE:DeleteDataBase2021/01/25 09:14:50.775|OPE:DeleteDataBase2021/01/25 09:14:50.781|OPE:DeleteDataBase2021/01/25 09:14:50.786|OPE:DeleteDataBase2021/01/25 09:14:50.792|OPE:DeleteDataBase2021/01/25 09:14:50.799|OPE:DeleteDataBase2021/01/25 09:14:50.805|OPE:DeleteDataBase2021/01/25 09:14:50.810|OPE:DeleteDataBase2021/01/25 09:14:50.816|OPE:DeleteDataBase2021/01/25 09:14:50.822|OPE:DeleteDataBase2021/01/25 09:14:50.828|OPE:DeleteDataBase2021/01/25 09:14:50.834|OPE:DeleteDataBase2021/01/25 09:14:50.840|OPE:DeleteDataBase2021/01/25 09:14:50.847|OPE:DeleteDataBase2021/01/25 09:14:50.854|OPE:DeleteDataBase2021/01/25 09:14:50.862|OPE:DeleteDataBase2021/01/25 09:14:50.869|OPE:DeleteDataBase2021/01/25 09:14:50.877|OPE:DeleteDataBase2021/01/25 09:14:50.885|OPE:DeleteDataBase2021/01/25 09:14:50.893|OPE:DeleteDataBase2021/01/25 09:14:50.901|OPE:DeleteDataBase2021/01/25 09:14:50.910|OPE:DeleteDataBase2021/01/25 09:14:50.919|OPE:DeleteDataBase2021/01/25 09:14:50.926|OPE:DeleteDataBase2021/01/25 09:14:50.933|OPE:DeleteDataBase2021/01/25 09:14:50.940|OPE:DeleteDataBase2021/01/25 09:14:50.946|OPE:DeleteDataBase2021/01/25 09:14:50.952|OPE:DeleteDataBase2021/01/25 09:14:50.958|OPE:DeleteDataBase2021/01/25 09:14:50.964|OPE:DeleteDataBase2021/01/25 09:14:50.970|OPE:DeleteDataBase2021/01/25 09:14:50.976|OPE:DeleteDataBase2021/01/25 09:14:50.982|OPE:DeleteDataBase2021/01/25 09:14:50.988|OPE:DeleteDataBase2021/01/25 09:14:50.994|OPE:DeleteDataBase2021/01/25 09:14:51.001|OPE:DeleteDataBase2021/01/25 09:14:51.008|OPE:DeleteDataBase2021/01/25 09:14:51.014|OPE:DeleteDataBase2021/01/25 09:14:51.021|OPE:DeleteDataBase2021/01/25 09:14:51.027|OPE:DeleteDataBase2021/01/25 09:14:51.035|OPE:DeleteDataBase2021/01/25 09:14:51.041|OPE:DeleteDataBase2021/01/25 09:14:51.048|OPE:DeleteDataBase2021/01/25 09:14:51.055|OPE:DeleteDataBase2021/01/25 09:14:51.061|OPE:DeleteDataBase2021/01/25 09:14:51.068|OPE:DeleteDataBase2021/01/25 09:14:51.075|OPE:DeleteDataBase2021/01/25 09:14:51.081|OPE:DeleteDataBase2021/01/25 09:14:51.089|OPE:DeleteDataBase2021/01/25 09:14:51.098|OPE:DeleteDataBase2021/01/25 09:14:51.107|OPE:DeleteDataBase2021/01/25 09:14:51.116|OPE:DeleteDataBase2021/01/25 09:14:51.122|OPE:DeleteDataBase2021/01/25 09:14:51.129|OPE:DeleteDataBase2021/01/25 09:14:51.136|OPE:DeleteDataBase2021/01/25 09:14:51.142|OPE:DeleteDataBase2021/01/25 09:14:51.148|OPE:DeleteDataBase2021/01/25 09:14:51.154|OPE:DeleteDataBase2021/01/25 09:14:51.160|OPE:DeleteDataBase2021/01/25 09:14:51.169|OPE:DeleteDataBase2021/01/25 09:14:51.177|OPE:DeleteDataBase2021/01/25 09:14:51.184|OPE:DeleteDataBase2021/01/25 09:14:51.190|OPE:DeleteDataBase2021/01/25 09:14:51.200|OPE:DeleteDataBase2021/01/25 09:14:51.209|OPE:DeleteDataBase2021/01/25 09:14:51.218|OPE:DeleteDataBase2021/01/25 09:14:51.229|OPE:DeleteDataBase2021/01/25 09:14:51.237|OPE:DeleteDataBase2021/01/25 09:14:51.247|OPE:DeleteDataBase2021/01/25 09:14:51.257|OPE:DeleteDataBase2021/01/25 09:14:51.265|OPE:DeleteDataBase2021/01/25 09:14:51.276|OPE:DeleteDataBase2021/01/25 09:14:51.282|OPE:DeleteDataBase2021/01/25 09:14:51.290|OPE:DeleteDataBase2021/01/25 09:14:51.300|OPE:DeleteDataBase2021/01/25 09:14:51.306|OPE:DeleteDataBase2021/01/25 09:14:51.313|OPE:DeleteDataBase2021/01/25 09:14:51.321|OPE:DeleteDataBase2021/01/25 09:14:51.328|OPE:DeleteDataBase2021/01/25 09:14:51.336|OPE:DeleteDataBase2021/01/25 09:14:51.343|OPE:DeleteDataBase2021/01/25 09:14:51.350|OPE:DeleteDataBase2021/01/25 09:14:51.357|OPE:DeleteDataBase2021/01/25 09:14:51.367|OPE:DeleteDataBase2021/01/25 09:14:51.374|OPE:DeleteDataBase2021/01/25 09:14:51.381|OPE:DeleteDataBase2021/01/25 09:14:51.388|OPE:DeleteDataBase2021/01/25 09:14:51.397|OPE:DeleteDataBase2021/01/25 09:14:51.404|OPE:DeleteDataBase2021/01/25 09:14:51.411|OPE:DeleteDataBase2021/01/25 09:14:51.418|OPE:DeleteDataBase2021/01/25 09:14:51.426|OPE:DeleteDataBase2021/01/25 09:14:51.432|OPE:DeleteDataBase2021/01/25 09:14:51.439|OPE:DeleteDataBase2021/01/25 09:14:51.447|OPE:DeleteDataBase2021/01/25 09:14:51.454|OPE:DeleteDataBase2021/01/25 09:14:51.460|OPE:DeleteDataBase2021/01/25 09:14:51.466|OPE:DeleteDataBase2021/01/25 09:14:51.472|OPE:DeleteDataBase2021/01/25 09:14:51.478|OPE:DeleteDataBase2021/01/25 09:14:51.484|OPE:DeleteDataBase2021/01/25 09:14:51.490|OPE:DeleteDataBase2021/01/25 09:14:51.496|OPE:DeleteDataBase2021/01/25 09:14:51.503|OPE:DeleteDataBase2021/01/25 09:14:51.509|OPE:DeleteDataBase2021/01/25 09:14:51.519|OPE:DeleteDataBase2021/01/25 09:14:51.525|OPE:DeleteDataBase2021/01/25 09:14:51.533|OPE:DeleteDataBase2021/01/25 09:14:51.540|OPE:DeleteDataBase2021/01/25 09:14:51.547|OPE:DeleteDataBase2021/01/25 09:14:51.554|OPE:DeleteDataBase2021/01/25 09:14:51.560|OPE:DeleteDataBase2021/01/25 09:14:51.566|OPE:DeleteDataBase2021/01/25 09:14:51.573|OPE:DeleteDataBase2021/01/25 09:14:51.580|OPE:DeleteDataBase2021/01/25 09:14:51.586|OPE:DeleteDataBase2021/01/25 09:14:51.593|OPE:DeleteDataBase2021/01/25 09:14:51.598|OPE:DeleteDataBase2021/01/25 09:14:51.604|OPE:DeleteDataBase2021/01/25 09:14:51.611|OPE:DeleteDataBase2021/01/25 09:14:51.616|OPE:DeleteDataBase2021/01/25 09:14:51.622|OPE:DeleteDataBase2021/01/25 09:14:51.628|OPE:DeleteDataBase2021/01/25 09:14:51.634|OPE:DeleteDataBase2021/01/25 09:14:51.639|OPE:DeleteDataBase2021/01/25 09:14:51.646|OPE:DeleteDataBase2021/01/25 09:14:51.652|OPE:DeleteDataBase2021/01/25 09:14:51.659|OPE:DeleteDataBase2021/01/25 09:14:51.665|OPE:DeleteDataBase2021/01/25 09:14:51.671|OPE:DeleteDataBase2021/01/25 09:14:51.678|OPE:DeleteDataBase2021/01/25 09:14:51.685|OPE:DeleteDataBase2021/01/25 09:14:51.692|OPE:DeleteDataBase2021/01/25 09:14:51.698|OPE:DeleteDataBase2021/01/25 09:14:51.705|OPE:DeleteDataBase2021/01/25 09:14:51.712|OPE:DeleteDataBase2021/01/25 09:14:51.719|OPE:DeleteDataBase2021/01/25 09:14:51.726|OPE:DeleteDataBase2021/01/25 09:14:51.733|OPE:DeleteDataBase2021/01/25 09:14:51.742|OPE:DeleteDataBase2021/01/25 09:14:51.749|OPE:DeleteDataBase2021/01/25 09:14:51.755|OPE:DeleteDataBase2021/01/25 09:14:51.761|OPE:DeleteDataBase2021/01/25 09:14:51.767|OPE:DeleteDataBase2021/01/25 09:14:51.774|OPE:DeleteDataBase2021/01/25 09:14:51.779|OPE:DeleteDataBase2021/01/25 09:14:51.785|OPE:DeleteDataBase2021/01/25 09:14:51.791|OPE:DeleteDataBase2021/01/25 09:14:51.797|OPE:DeleteDataBase2021/01/25 09:14:51.803|OPE:DeleteDataBase2021/01/25 09:14:51.810|OPE:DeleteDataBase2021/01/25 09:14:51.816|OPE:DeleteDataBase2021/01/25 09:14:51.823|OPE:DeleteDataBase2021/01/25 09:14:51.829|OPE:DeleteDataBase2021/01/25 09:14:51.836|OPE:DeleteDataBase2021/01/25 09:14:51.843|OPE:DeleteDataBase2021/01/25 09:14:51.849|OPE:DeleteDataBase2021/01/25 09:14:51.856|OPE:DeleteDataBase2021/01/25 09:14:51.864|OPE:DeleteDataBase2021/01/25 09:14:51.872|OPE:DeleteDataBase2021/01/25 09:14:51.878|OPE:DeleteDataBase2021/01/25 09:14:51.885|OPE:DeleteDataBase2021/01/25 09:14:51.891|OPE:DeleteDataBase2021/01/25 09:14:51.897|OPE:DeleteDataBase2021/01/25 09:14:51.903|OPE:DeleteDataBase2021/01/25 09:14:51.909|OPE:DeleteDataBase2021/01/25 09:14:51.914|OPE:DeleteDataBase2021/01/25 09:14:51.922|OPE:DeleteDataBase2021/01/25 09:14:51.928|OPE:DeleteDataBase2021/01/25 09:14:51.934|OPE:DeleteDataBase2021/01/25 09:14:51.943|OPE:DeleteDataBase2021/01/25 09:14:51.951|OPE:DeleteDataBase2021/01/25 09:14:51.958|OPE:DeleteDataBase2021/01/25 09:14:51.966|OPE:DeleteDataBase2021/01/25 09:14:51.972|OPE:DeleteDataBase2021/01/25 09:14:51.979|OPE:DeleteDataBase2021/01/25 09:14:51.985|OPE:DeleteDataBase2021/01/25 09:14:51.992|OPE:DeleteDataBase2021/01/25 09:14:51.999|OPE:DeleteDataBase2021/01/25 09:14:52.005|OPE:DeleteDataBase2021/01/25 09:14:52.012|OPE:DeleteDataBase2021/01/25 09:14:52.019|OPE:DeleteDataBase2021/01/25 09:14:52.025|OPE:DeleteDataBase2021/01/25 09:14:52.032|OPE:DeleteDataBase2021/01/25 09:14:52.038|OPE:DeleteDataBase2021/01/25 09:14:52.044|OPE:DeleteDataBase2021/01/25 09:14:52.050|OPE:DeleteDataBase2021/01/25 09:14:52.056|OPE:DeleteDataBase2021/01/25 09:14:52.063|OPE:DeleteDataBase2021/01/25 09:14:52.068|OPE:DeleteDataBase2021/01/25 09:14:52.074|OPE:DeleteDataBase2021/01/25 09:14:52.080|OPE:DeleteDataBase2021/01/25 09:14:52.086|OPE:DeleteDataBase2021/01/25 09:14:52.092|OPE:DeleteDataBase2021/01/25 09:14:52.098|OPE:DeleteDataBase2021/01/25 09:14:52.105|OPE:DeleteDataBase2021/01/25 09:14:52.111|OPE:DeleteDataBase2021/01/25 09:14:52.117|OPE:DeleteDataBase2021/01/25 09:14:52.124|OPE:DeleteDataBase2021/01/25 09:14:52.131|OPE:DeleteDataBase2021/01/25 09:14:52.140|OPE:DeleteDataBase2021/01/25 09:14:52.147|OPE:DeleteDataBase2021/01/25 09:14:52.154|OPE:DeleteDataBase2021/01/25 09:14:52.164|OPE:DeleteDataBase2021/01/25 09:14:52.171|OPE:DeleteDataBase2021/01/25 09:14:52.178|OPE:DeleteDataBase2021/01/25 09:14:52.184|OPE:DeleteDataBase2021/01/25 09:14:52.191|OPE:DeleteDataBase2021/01/25 09:14:52.197|OPE:DeleteDataBase2021/01/25 09:14:52.204|OPE:DeleteDataBase2021/01/25 09:14:52.210|OPE:DeleteDataBase2021/01/25 09:14:52.216|OPE:DeleteDataBase2021/01/25 09:14:52.221|OPE:DeleteDataBase2021/01/25 09:14:52.227|OPE:DeleteDataBase2021/01/25 09:14:52.233|OPE:DeleteDataBase2021/01/25 09:14:52.239|OPE:DeleteDataBase2021/01/25 09:14:52.245|OPE:DeleteDataBase2021/01/25 09:14:52.252|OPE:DeleteDataBase2021/01/25 09:14:52.258|OPE:DeleteDataBase2021/01/25 09:14:52.265|OPE:DeleteDataBase2021/01/25 09:14:52.271|OPE:DeleteDataBase2021/01/25 09:14:52.278|OPE:DeleteDataBase2021/01/25 09:14:52.285|OPE:DeleteDataBase2021/01/25 09:14:52.291|OPE:DeleteDataBase2021/01/25 09:14:52.298|OPE:DeleteDataBase2021/01/25 09:14:52.304|OPE:DeleteDataBase2021/01/25 09:14:52.310|OPE:DeleteDataBase2021/01/25 09:14:52.317|OPE:DeleteDataBase2021/01/25 09:14:52.324|OPE:DeleteDataBase2021/01/25 09:14:52.330|OPE:DeleteDataBase2021/01/25 09:14:52.337|OPE:DeleteDataBase2021/01/25 09:14:52.347|OPE:DeleteDataBase2021/01/25 09:14:52.354|OPE:DeleteDataBase2021/01/25 09:14:52.362|OPE:DeleteDataBase2021/01/25 09:14:52.371|OPE:DeleteDataBase2021/01/25 09:14:52.379|OPE:DeleteDataBase2021/01/25 09:14:52.386|OPE:DeleteDataBase2021/01/25 09:14:52.392|OPE:DeleteDataBase2021/01/25 09:14:52.400|OPE:DeleteDataBase2021/01/25 09:14:52.406|OPE:DeleteDataBase2021/01/25 09:14:52.413|OPE:DeleteDataBase2021/01/25 09:14:52.419|OPE:DeleteDataBase2021/01/25 09:14:52.425|OPE:DeleteDataBase2021/01/25 09:14:52.432|OPE:DeleteDataBase2021/01/25 09:14:52.439|OPE:DeleteDataBase2021/01/25 09:14:52.445|OPE:DeleteDataBase2021/01/25 09:14:52.452|OPE:DeleteDataBase2021/01/25 09:14:52.459|OPE:DeleteDataBase2021/01/25 09:14:52.465|OPE:DeleteDataBase2021/01/25 09:14:52.472|OPE:DeleteDataBase2021/01/25 09:14:52.478|OPE:DeleteDataBase2021/01/25 09:14:52.485|OPE:DeleteDataBase2021/01/25 09:14:52.492|OPE:DeleteDataBase2021/01/25 09:14:52.498|OPE:DeleteDataBase2021/01/25 09:14:52.505|OPE:DeleteDataBase2021/01/25 09:14:52.511|OPE:DeleteDataBase2021/01/25 09:14:52.518|OPE:DeleteDataBase2021/01/25 09:14:52.524|OPE:DeleteDataBase2021/01/25 09:14:52.530|OPE:DeleteDataBase2021/01/25 09:14:52.536|OPE:DeleteDataBase2021/01/25 09:14:52.542|OPE:DeleteDataBase2021/01/25 09:14:52.550|OPE:DeleteDataBase2021/01/25 09:14:52.558|OPE:DeleteDataBase2021/01/25 09:14:52.566|OPE:DeleteDataBase2021/01/25 09:14:52.575|OPE:DeleteDataBase2021/01/25 09:14:52.584|OPE:DeleteDataBase2021/01/25 09:14:52.594|OPE:DeleteDataBase2021/01/25 09:14:52.601|OPE:DeleteDataBase2021/01/25 09:14:52.608|OPE:DeleteDataBase2021/01/25 09:14:52.614|OPE:DeleteDataBase2021/01/25 09:14:52.621|OPE:DeleteDataBase2021/01/25 09:14:52.628|OPE:DeleteDataBase2021/01/25 09:14:52.635|OPE:DeleteDataBase2021/01/25 09:14:52.643|OPE:DeleteDataBase2021/01/25 09:14:52.650|OPE:DeleteDataBase2021/01/25 09:14:52.658|OPE:DeleteDataBase2021/01/25 09:14:52.666|OPE:DeleteDataBase2021/01/25 09:14:52.673|OPE:DeleteDataBase2021/01/25 09:14:52.680|OPE:DeleteDataBase2021/01/25 09:14:52.687|OPE:DeleteDataBase2021/01/25 09:14:52.694|OPE:DeleteDataBase2021/01/25 09:14:52.701|OPE:DeleteDataBase2021/01/25 09:14:52.709|OPE:DeleteDataBase2021/01/25 09:14:52.716|OPE:DeleteDataBase2021/01/25 09:14:52.723|OPE:DeleteDataBase2021/01/25 09:14:52.731|OPE:DeleteDataBase2021/01/25 09:14:52.738|OPE:DeleteDataBase2021/01/25 09:14:52.745|OPE:DeleteDataBase2021/01/25 09:14:52.751|OPE:DeleteDataBase2021/01/25 09:14:52.758|OPE:DeleteDataBase2021/01/25 09:14:52.767|OPE:DeleteDataBase2021/01/25 09:14:52.774|OPE:DeleteDataBase2021/01/25 09:14:52.780|OPE:DeleteDataBase2021/01/25 09:14:52.790|OPE:DeleteDataBase2021/01/25 09:14:52.798|OPE:DeleteDataBase2021/01/25 09:14:52.804|OPE:DeleteDataBase2021/01/25 09:14:52.812|OPE:DeleteDataBase2021/01/25 09:14:52.819|OPE:DeleteDataBase2021/01/25 09:14:52.827|OPE:DeleteDataBase2021/01/25 09:14:52.834|OPE:DeleteDataBase2021/01/25 09:14:52.840|OPE:DeleteDataBase2021/01/25 09:14:52.847|OPE:DeleteDataBase2021/01/25 09:14:52.853|OPE:DeleteDataBase2021/01/25 09:14:52.859|OPE:DeleteDataBase2021/01/25 09:14:52.866|OPE:DeleteDataBase2021/01/25 09:14:52.874|OPE:DeleteDataBase2021/01/25 09:14:52.880|OPE:DeleteDataBase2021/01/25 09:14:52.886|OPE:DeleteDataBase2021/01/25 09:14:52.892|OPE:DeleteDataBase2021/01/25 09:14:52.899|OPE:DeleteDataBase2021/01/25 09:14:52.904|OPE:DeleteDataBase2021/01/25 09:14:52.911|OPE:DeleteDataBase2021/01/25 09:14:52.918|OPE:DeleteDataBase2021/01/25 09:14:52.925|OPE:DeleteDataBase2021/01/25 09:14:52.931|OPE:DeleteDataBase2021/01/25 09:14:52.939|OPE:DeleteDataBase2021/01/25 09:14:52.946|OPE:DeleteDataBase2021/01/25 09:14:52.953|OPE:DeleteDataBase2021/01/25 09:14:52.960|OPE:DeleteDataBase2021/01/25 09:14:52.966|OPE:DeleteDataBase2021/01/25 09:14:52.974|OPE:DeleteDataBase2021/01/25 09:14:52.981|OPE:DeleteDataBase2021/01/25 09:14:52.991|OPE:DeleteDataBase2021/01/25 09:14:52.997|OPE:DeleteDataBase2021/01/25 09:14:53.004|OPE:DeleteDataBase2021/01/25 09:14:53.010|OPE:DeleteDataBase2021/01/25 09:14:53.017|OPE:DeleteDataBase2021/01/25 09:14:53.023|OPE:DeleteDataBase2021/01/25 09:14:53.029|OPE:DeleteDataBase2021/01/25 09:14:53.035|OPE:DeleteDataBase2021/01/25 09:14:53.041|OPE:DeleteDataBase2021/01/25 09:14:53.047|OPE:DeleteDataBase2021/01/25 09:14:53.053|OPE:DeleteDataBase2021/01/25 09:14:53.058|OPE:DeleteDataBase2021/01/25 09:14:53.065|OPE:DeleteDataBase2021/01/25 09:14:53.072|OPE:DeleteDataBase2021/01/25 09:14:53.079|OPE:DeleteDataBase2021/01/25 09:14:53.085|OPE:DeleteDataBase2021/01/25 09:14:53.092|OPE:DeleteDataBase2021/01/25 09:14:53.099|OPE:DeleteDataBase2021/01/25 09:14:53.106|OPE:DeleteDataBase2021/01/25 09:14:53.113|OPE:DeleteDataBase2021/01/25 09:14:53.119|OPE:DeleteDataBase2021/01/25 09:14:53.126|OPE:DeleteDataBase2021/01/25 09:14:53.133|OPE:DeleteDataBase2021/01/25 09:14:53.139|OPE:DeleteDataBase2021/01/25 09:14:53.146|OPE:DeleteDataBase2021/01/25 09:14:53.152|OPE:DeleteDataBase2021/01/25 09:14:53.158|OPE:DeleteDataBase2021/01/25 09:14:53.164|OPE:DeleteDataBase2021/01/25 09:14:53.171|OPE:DeleteDataBase2021/01/25 09:14:53.180|OPE:DeleteDataBase2021/01/25 09:14:53.186|OPE:DeleteDataBase2021/01/25 09:14:53.191|OPE:DeleteDataBase2021/01/25 09:14:53.200|OPE:DeleteDataBase2021/01/25 09:14:53.207|OPE:DeleteDataBase2021/01/25 09:14:53.214|OPE:DeleteDataBase2021/01/25 09:14:53.221|OPE:DeleteDataBase2021/01/25 09:14:53.228|OPE:DeleteDataBase2021/01/25 09:14:53.235|OPE:DeleteDataBase2021/01/25 09:14:53.242|OPE:DeleteDataBase2021/01/25 09:14:53.249|OPE:DeleteDataBase2021/01/25 09:14:53.255|OPE:DeleteDataBase2021/01/25 09:14:53.262|OPE:DeleteDataBase2021/01/25 09:14:53.269|OPE:DeleteDataBase2021/01/25 09:14:53.275|OPE:DeleteDataBase2021/01/25 09:14:53.282|OPE:DeleteDataBase2021/01/25 09:14:53.288|OPE:DeleteDataBase2021/01/25 09:14:53.295|OPE:DeleteDataBase2021/01/25 09:14:53.301|OPE:DeleteDataBase2021/01/25 09:14:53.308|OPE:DeleteDataBase2021/01/25 09:14:53.314|OPE:DeleteDataBase2021/01/25 09:14:53.320|OPE:DeleteDataBase2021/01/25 09:14:53.326|OPE:DeleteDataBase2021/01/25 09:14:53.333|OPE:DeleteDataBase2021/01/25 09:14:53.339|OPE:DeleteDataBase2021/01/25 09:14:53.345|OPE:DeleteDataBase2021/01/25 09:14:53.352|OPE:DeleteDataBase2021/01/25 09:14:53.358|OPE:DeleteDataBase2021/01/25 09:14:53.364|OPE:DeleteDataBase2021/01/25 09:14:53.370|OPE:DeleteDataBase2021/01/25 09:14:53.377|OPE:DeleteDataBase2021/01/25 09:14:53.385|OPE:DeleteDataBase2021/01/25 09:14:53.393|OPE:DeleteDataBase2021/01/25 09:14:53.401|OPE:DeleteDataBase2021/01/25 09:14:53.407|OPE:DeleteDataBase2021/01/25 09:14:53.414|OPE:DeleteDataBase2021/01/25 09:14:53.421|OPE:DeleteDataBase2021/01/25 09:14:53.428|OPE:DeleteDataBase2021/01/25 09:14:53.434|OPE:DeleteDataBase2021/01/25 09:14:53.441|OPE:DeleteDataBase2021/01/25 09:14:53.448|OPE:DeleteDataBase2021/01/25 09:14:53.454|OPE:DeleteDataBase2021/01/25 09:14:53.460|OPE:DeleteDataBase2021/01/25 09:14:53.466|OPE:DeleteDataBase2021/01/25 09:14:53.472|OPE:DeleteDataBase2021/01/25 09:14:53.478|OPE:DeleteDataBase2021/01/25 09:14:53.485|OPE:DeleteDataBase2021/01/25 09:14:53.491|OPE:DeleteDataBase2021/01/25 09:14:53.498|OPE:DeleteDataBase2021/01/25 09:14:53.504|OPE:DeleteDataBase2021/01/25 09:14:53.510|OPE:DeleteDataBase2021/01/25 09:14:53.516|OPE:DeleteDataBase2021/01/25 09:14:53.523|OPE:DeleteDataBase2021/01/25 09:14:53.530|OPE:DeleteDataBase2021/01/25 09:14:53.537|OPE:DeleteDataBase2021/01/25 09:14:53.543|OPE:DeleteDataBase2021/01/25 09:14:53.550|OPE:DeleteDataBase2021/01/25 09:14:53.557|OPE:DeleteDataBase2021/01/25 09:14:53.563|OPE:DeleteDataBase2021/01/25 09:14:53.570|OPE:DeleteDataBase2021/01/25 09:14:53.576|OPE:DeleteDataBase2021/01/25 09:14:53.584|OPE:DeleteDataBase2021/01/25 09:14:53.591|OPE:DeleteDataBase2021/01/25 09:14:53.601|OPE:DeleteDataBase2021/01/25 09:14:53.607|OPE:DeleteDataBase2021/01/25 09:14:53.614|OPE:MakeLayoutWorkData2021/01/25 09:14:53.620|OPE:GetMaxScreenSelectButtonId 28552021/01/25 09:14:53.626|OPE:MakeGroupButton 2855 11802 Xpt.Cate12021/01/25 09:14:53.633|OPE:AddDataBase 1 28552021/01/25 09:14:53.639|OPE:GetMaxFrameId 144652021/01/25 09:14:53.646|OPE:MakeGroupFrame 14465 11815 Xpt.Cate12021/01/25 09:14:53.651|OPE:AddDataBase 0 144652021/01/25 09:14:53.659|OPE:GetMaxFrameId 144662021/01/25 09:14:53.665|OPE:MakeGroupFrame 14466 14465 DESTINATION GROUP SELECTOR2021/01/25 09:14:53.671|OPE:AddDataBase 0 144662021/01/25 09:14:53.678|OPE:GetMaxScreenSelectButtonId 28562021/01/25 09:14:53.683|OPE:MakeGroupButton 2856 14466 Xpt.Cate1.Dst.Gp12021/01/25 09:14:53.690|OPE:AddDataBase 1 28562021/01/25 09:14:53.696|OPE:GetMaxScreenSelectButtonId 28572021/01/25 09:14:53.702|OPE:MakeGroupButton 2857 14466 Xpt.Cate1.Dst.Gp22021/01/25 09:14:53.709|OPE:AddDataBase 1 28572021/01/25 09:14:53.715|OPE:GetMaxScreenSelectButtonId 28582021/01/25 09:14:53.722|OPE:MakeGroupButton 2858 14466 Xpt.Cate1.Dst.Gp32021/01/25 09:14:53.727|OPE:AddDataBase 1 28582021/01/25 09:14:53.734|OPE:GetMaxScreenSelectButtonId 28592021/01/25 09:14:53.739|OPE:MakeGroupButton 2859 14466 Xpt.Cate1.Dst.Gp42021/01/25 09:14:53.746|OPE:AddDataBase 1 28592021/01/25 09:14:53.752|OPE:GetMaxScreenSelectButtonId 28602021/01/25 09:14:53.759|OPE:MakeGroupButton 2860 14466 Xpt.Cate1.Dst.Gp52021/01/25 09:14:53.764|OPE:AddDataBase 1 28602021/01/25 09:14:53.771|OPE:GetMaxScreenSelectButtonId 28612021/01/25 09:14:53.777|OPE:MakeGroupButton 2861 14466 Xpt.Cate1.Dst.Gp62021/01/25 09:14:53.783|OPE:AddDataBase 1 28612021/01/25 09:14:53.790|OPE:GetMaxScreenSelectButtonId 28622021/01/25 09:14:53.797|OPE:MakeGroupButton 2862 14466 Xpt.Cate1.Dst.Gp72021/01/25 09:14:53.806|OPE:AddDataBase 1 28622021/01/25 09:14:53.816|OPE:GetMaxScreenSelectButtonId 28632021/01/25 09:14:53.822|OPE:MakeGroupButton 2863 14466 Xpt.Cate1.Dst.Gp82021/01/25 09:14:53.828|OPE:AddDataBase 1 28632021/01/25 09:14:53.837|OPE:GetMaxScreenSelectButtonId 28642021/01/25 09:14:53.844|OPE:MakeGroupButton 2864 14466 Xpt.Cate1.Dst.Gp92021/01/25 09:14:53.852|OPE:AddDataBase 1 28642021/01/25 09:14:53.858|OPE:GetMaxScreenSelectButtonId 28652021/01/25 09:14:53.864|OPE:MakeGroupButton 2865 14466 Xpt.Cate1.Dst.Gp102021/01/25 09:14:53.870|OPE:AddDataBase 1 28652021/01/25 09:14:53.878|OPE:GetMaxFrameId 144672021/01/25 09:14:53.884|OPE:MakeGroupFrame 14467 14465 DESTINATION SELECTION2021/01/25 09:14:53.891|OPE:AddDataBase 0 144672021/01/25 09:14:53.897|OPE:GetMaxFrameId 144682021/01/25 09:14:53.902|OPE:MakeGroupFrame 14468 14467 Xpt.Cate1.Dst.Gp12021/01/25 09:14:53.908|OPE:AddDataBase 0 144682021/01/25 09:14:53.915|OPE:GetMaxFrameId 144692021/01/25 09:14:53.921|OPE:MakeGroupFrame 14469 14467 Xpt.Cate1.Dst.Gp22021/01/25 09:14:53.927|OPE:AddDataBase 0 144692021/01/25 09:14:53.933|OPE:GetMaxFrameId 144702021/01/25 09:14:53.939|OPE:MakeGroupFrame 14470 14467 Xpt.Cate1.Dst.Gp32021/01/25 09:14:53.945|OPE:AddDataBase 0 144702021/01/25 09:14:53.951|OPE:GetMaxFrameId 144712021/01/25 09:14:53.958|OPE:MakeGroupFrame 14471 14467 Xpt.Cate1.Dst.Gp42021/01/25 09:14:53.963|OPE:AddDataBase 0 144712021/01/25 09:14:53.969|OPE:GetMaxFrameId 144722021/01/25 09:14:53.976|OPE:MakeGroupFrame 14472 14467 Xpt.Cate1.Dst.Gp52021/01/25 09:14:53.982|OPE:AddDataBase 0 144722021/01/25 09:14:53.988|OPE:GetMaxFrameId 144732021/01/25 09:14:53.995|OPE:MakeGroupFrame 14473 14467 Xpt.Cate1.Dst.Gp62021/01/25 09:14:54.000|OPE:AddDataBase 0 144732021/01/25 09:14:54.009|OPE:GetMaxFrameId 144742021/01/25 09:14:54.016|OPE:MakeGroupFrame 14474 14467 Xpt.Cate1.Dst.Gp72021/01/25 09:14:54.023|OPE:AddDataBase 0 144742021/01/25 09:14:54.029|OPE:GetMaxFrameId 144752021/01/25 09:14:54.037|OPE:MakeGroupFrame 14475 14467 Xpt.Cate1.Dst.Gp82021/01/25 09:14:54.045|OPE:AddDataBase 0 144752021/01/25 09:14:54.051|OPE:GetMaxFrameId 144762021/01/25 09:14:54.057|OPE:MakeGroupFrame 14476 14467 Xpt.Cate1.Dst.Gp92021/01/25 09:14:54.063|OPE:AddDataBase 0 144762021/01/25 09:14:54.069|OPE:GetMaxFrameId 144772021/01/25 09:14:54.074|OPE:MakeGroupFrame 14477 14467 Xpt.Cate1.Dst.Gp102021/01/25 09:14:54.080|OPE:AddDataBase 0 144772021/01/25 09:14:54.086|OPE:GetMaxFrameId 144782021/01/25 09:14:54.092|OPE:MakeGroupFrame 14478 14465 SOURCE GROUP SELECTOR2021/01/25 09:14:54.098|OPE:AddDataBase 0 144782021/01/25 09:14:54.105|OPE:GetMaxScreenSelectButtonId 28662021/01/25 09:14:54.110|OPE:MakeGroupButton 2866 14478 Xpt.Cate1.Src.Gp12021/01/25 09:14:54.116|OPE:AddDataBase 1 28662021/01/25 09:14:54.122|OPE:GetMaxScreenSelectButtonId 28672021/01/25 09:14:54.128|OPE:MakeGroupButton 2867 14478 Xpt.Cate1.Src.Gp22021/01/25 09:14:54.134|OPE:AddDataBase 1 28672021/01/25 09:14:54.140|OPE:GetM