2021/01/29 09:58:32.056|OPE:FormCreatePPROGRAM FILE CREATOR  Ver.1.0.0.0  2021/01/29 9:58:302021/01/29 09:58:32.227|OPE:TXPTLayoutForm.MakeConponent2021/01/29 09:58:32.280|OPE:FormShow2021/01/29 09:58:32.290|OPE:TGroupCategoryForm.MakeCategoryPanel2021/01/29 09:58:32.311|OPE:TGroupForm.MakeComponent2021/01/29 09:58:32.341|OPE:TListForm.MakeComponent2021/01/29 09:58:32.366|OPE:TXPTLayoutForm.MakeConponent2021/01/29 09:58:32.379|OPE:TProgramListForm.MakeComponent2021/01/29 09:58:32.401|OPE:TXPTLayoutForm.MakeConponent2021/01/29 09:58:32.408|OPE:LoadDatabase2021/01/29 09:58:42.090|OPE:MakeLayoutWorkData2021/01/29 09:58:42.098|OPE:GetLayoutTable2021/01/29 09:58:42.108|OPE:GetLayoutTable2021/01/29 09:58:42.117|OPE:GetLayoutTable2021/01/29 09:58:42.126|OPE:GetLayoutTable2021/01/29 09:58:42.134|OPE:GetLayoutTable2021/01/29 09:58:42.141|OPE:GetLayoutTable2021/01/29 09:58:42.148|OPE:GetLayoutTable2021/01/29 09:58:42.154|OPE:GetLayoutTable2021/01/29 09:58:42.161|OPE:GetLayoutTable2021/01/29 09:58:42.168|OPE:GetLayoutTable2021/01/29 09:58:42.175|OPE:GetLayoutTable2021/01/29 09:58:42.182|OPE:GetLayoutTable2021/01/29 09:58:42.188|OPE:GetLayoutTable2021/01/29 09:58:42.195|OPE:GetLayoutTable2021/01/29 09:58:42.201|OPE:GetLayoutTable2021/01/29 09:58:42.208|OPE:GetLayoutTable2021/01/29 09:58:42.215|OPE:GetLayoutTable2021/01/29 09:58:42.221|OPE:GetLayoutTable2021/01/29 09:58:42.228|OPE:GetLayoutTable2021/01/29 09:58:42.234|OPE:GetLayoutTable2021/01/29 09:58:42.241|OPE:MakePanelLayoutWorkData(PANEL)2021/01/29 09:58:42.255|OPE:MakeListLayoutWorkData22021/01/29 09:58:42.264|OPE:MakeUndo 0/1  2021/01/29 09:58:42.270|OPE:MakePanelKeyWork2021/01/29 09:58:42.277|OPE:CategoryButtonClick Category ê›íË  2021/01/29 09:58:42.288|OPE:TGroupCategoryForm.DispCategory2021/01/29 09:58:53.277|OPE:CategoryButtonClick Group ê›íË  2021/01/29 09:58:53.863|OPE:MakeCategoryCombo2021/01/29 09:58:53.878|OPE:TGroupForm.DispXPTGroup2021/01/29 09:58:53.884|OPE:TGroupForm.CheckBoxTempClick2021/01/29 09:58:53.891|OPE:TGroupForm.CheckBoxTempClick2021/01/29 09:58:53.897|OPE:TGroupForm.CheckBoxTempClick2021/01/29 09:58:53.903|OPE:TGroupForm.CheckBoxTempClick2021/01/29 09:58:53.909|OPE:TGroupForm.CheckBoxTempClick2021/01/29 09:58:53.915|OPE:TGroupForm.CheckBoxTempClick2021/01/29 09:58:53.921|OPE:TGroupForm.CheckBoxTempClick2021/01/29 09:58:53.927|OPE:TGroupForm.CheckBoxTempClick2021/01/29 09:58:53.933|OPE:TGroupForm.CheckBoxTempClick2021/01/29 09:58:53.940|OPE:TGroupForm.CheckBoxTempClick2021/01/29 09:58:53.946|OPE:TGroupForm.CheckBoxTempClick2021/01/29 09:58:53.952|OPE:TGroupForm.CheckBoxTempClick2021/01/29 09:58:53.958|OPE:TGroupForm.CheckBoxTempClick2021/01/29 09:58:53.964|OPE:TGroupForm.CheckBoxTempClick2021/01/29 09:58:53.970|OPE:TGroupForm.CheckBoxTempClick2021/01/29 09:58:53.976|OPE:TGroupForm.CheckBoxTempClick2021/01/29 09:58:53.982|OPE:TGroupForm.CheckBoxTempClick2021/01/29 09:58:53.988|OPE:TGroupForm.CheckBoxTempClick2021/01/29 09:58:53.994|OPE:TGroupForm.CheckBoxTempClick2021/01/29 09:58:54.000|OPE:TGroupForm.CheckBoxTempClick2021/01/29 09:58:54.006|OPE:TGroupForm.CheckBoxTempClick2021/01/29 09:58:54.013|OPE:TGroupForm.CheckBoxTempClick2021/01/29 09:58:54.019|OPE:TGroupForm.CheckBoxTempClick2021/01/29 09:58:54.025|OPE:TGroupForm.CheckBoxTempClick2021/01/29 09:58:54.031|OPE:TGroupForm.CheckBoxTempClick2021/01/29 09:58:54.037|OPE:TGroupForm.CheckBoxTempClick2021/01/29 09:58:54.043|OPE:TGroupForm.CheckBoxTempClick2021/01/29 09:58:54.052|OPE:TGroupForm.CheckBoxTempClick2021/01/29 09:58:54.058|OPE:TGroupForm.CheckBoxTempClick2021/01/29 09:58:54.064|OPE:TGroupForm.CheckBoxTempClick2021/01/29 09:58:54.071|OPE:TGroupForm.CheckBoxTempClick2021/01/29 09:58:54.076|OPE:TGroupForm.CheckBoxTempClick2021/01/29 09:58:54.082|OPE:TGroupForm.CheckBoxTempClick2021/01/29 09:58:54.088|OPE:TGroupForm.CheckBoxTempClick2021/01/29 09:58:54.094|OPE:TGroupForm.CheckBoxTempClick2021/01/29 09:58:54.100|OPE:TGroupForm.CheckBoxTempClick2021/01/29 09:58:54.106|OPE:TGroupForm.CheckBoxTempClick2021/01/29 09:58:54.112|OPE:TGroupForm.CheckBoxTempClick2021/01/29 09:58:54.118|OPE:TGroupForm.CheckBoxTempClick2021/01/29 09:58:54.124|OPE:TGroupForm.CheckBoxTempClick2021/01/29 09:58:54.130|OPE:TGroupForm.CheckBoxTempClick2021/01/29 09:58:54.136|OPE:TGroupForm.CheckBoxTempClick2021/01/29 09:58:54.142|OPE:TGroupForm.CheckBoxTempClick2021/01/29 09:58:54.148|OPE:TGroupForm.CheckBoxTempClick2021/01/29 09:58:54.154|OPE:TGroupForm.CheckBoxTempClick2021/01/29 09:58:54.160|OPE:TGroupForm.CheckBoxTempClick2021/01/29 09:58:54.166|OPE:TGroupForm.CheckBoxTempClick2021/01/29 09:58:54.172|OPE:TGroupForm.CheckBoxTempClick2021/01/29 09:58:54.178|OPE:TGroupForm.CheckBoxTempClick2021/01/29 09:58:54.184|OPE:TGroupForm.CheckBoxTempClick2021/01/29 09:58:59.476|OPE:TGroupForm.DispXPTGroup2021/01/29 09:58:59.483|OPE:TGroupForm.CheckBoxTempClick2021/01/29 09:58:59.490|OPE:TGroupForm.CheckBoxTempClick2021/01/29 09:58:59.496|OPE:TGroupForm.CheckBoxTempClick2021/01/29 09:58:59.503|OPE:TGroupForm.CheckBoxTempClick2021/01/29 09:58:59.509|OPE:TGroupForm.CheckBoxTempClick2021/01/29 09:58:59.515|OPE:TGroupForm.CheckBoxTempClick2021/01/29 09:58:59.521|OPE:TGroupForm.CheckBoxTempClick2021/01/29 09:58:59.527|OPE:TGroupForm.CheckBoxTempClick2021/01/29 09:58:59.534|OPE:TGroupForm.CheckBoxTempClick2021/01/29 09:58:59.540|OPE:TGroupForm.CheckBoxTempClick2021/01/29 09:58:59.546|OPE:TGroupForm.CheckBoxTempClick2021/01/29 09:58:59.552|OPE:TGroupForm.CheckBoxTempClick2021/01/29 09:58:59.558|OPE:TGroupForm.CheckBoxTempClick2021/01/29 09:58:59.565|OPE:TGroupForm.CheckBoxTempClick2021/01/29 09:58:59.570|OPE:TGroupForm.CheckBoxTempClick2021/01/29 09:58:59.576|OPE:TGroupForm.CheckBoxTempClick2021/01/29 09:58:59.582|OPE:TGroupForm.CheckBoxTempClick2021/01/29 09:58:59.588|OPE:TGroupForm.CheckBoxTempClick2021/01/29 09:58:59.594|OPE:TGroupForm.CheckBoxTempClick2021/01/29 09:58:59.602|OPE:TGroupForm.CheckBoxTempClick2021/01/29 09:58:59.609|OPE:TGroupForm.CheckBoxTempClick2021/01/29 09:58:59.617|OPE:TGroupForm.CheckBoxTempClick2021/01/29 09:58:59.626|OPE:TGroupForm.CheckBoxTempClick2021/01/29 09:58:59.634|OPE:TGroupForm.CheckBoxTempClick2021/01/29 09:58:59.642|OPE:TGroupForm.CheckBoxTempClick2021/01/29 09:58:59.648|OPE:TGroupForm.CheckBoxTempClick2021/01/29 09:58:59.656|OPE:TGroupForm.CheckBoxTempClick2021/01/29 09:58:59.663|OPE:TGroupForm.CheckBoxTempClick2021/01/29 09:58:59.670|OPE:TGroupForm.CheckBoxTempClick2021/01/29 09:58:59.676|OPE:TGroupForm.CheckBoxTempClick2021/01/29 09:58:59.682|OPE:TGroupForm.CheckBoxTempClick2021/01/29 09:58:59.688|OPE:TGroupForm.CheckBoxTempClick2021/01/29 09:58:59.695|OPE:TGroupForm.CheckBoxTempClick2021/01/29 09:58:59.702|OPE:TGroupForm.CheckBoxTempClick2021/01/29 09:58:59.711|OPE:TGroupForm.CheckBoxTempClick2021/01/29 09:58:59.720|OPE:TGroupForm.CheckBoxTempClick2021/01/29 09:58:59.730|OPE:TGroupForm.CheckBoxTempClick2021/01/29 09:58:59.739|OPE:TGroupForm.CheckBoxTempClick2021/01/29 09:58:59.745|OPE:TGroupForm.CheckBoxTempClick2021/01/29 09:58:59.753|OPE:TGroupForm.CheckBoxTempClick2021/01/29 09:58:59.759|OPE:TGroupForm.CheckBoxTempClick2021/01/29 09:58:59.766|OPE:TGroupForm.CheckBoxTempClick2021/01/29 09:58:59.776|OPE:TGroupForm.CheckBoxTempClick2021/01/29 09:58:59.783|OPE:TGroupForm.CheckBoxTempClick2021/01/29 09:58:59.793|OPE:TGroupForm.CheckBoxTempClick2021/01/29 09:58:59.801|OPE:TGroupForm.CheckBoxTempClick2021/01/29 09:58:59.808|OPE:TGroupForm.CheckBoxTempClick2021/01/29 09:58:59.815|OPE:TGroupForm.CheckBoxTempClick2021/01/29 09:58:59.824|OPE:TGroupForm.CheckBoxTempClick2021/01/29 09:58:59.831|OPE:TGroupForm.CheckBoxTempClick2021/01/29 09:58:59.839|OPE:TGroupForm.CheckBoxTempClick2021/01/29 09:58:59.845|OPE:TGroupForm.CheckBoxTempClick2021/01/29 09:58:59.852|OPE:TGroupForm.CheckBoxTempClick2021/01/29 09:58:59.858|OPE:TGroupForm.CheckBoxTempClick2021/01/29 09:58:59.864|OPE:TGroupForm.CheckBoxTempClick2021/01/29 09:58:59.871|OPE:TGroupForm.CheckBoxTempClick2021/01/29 09:58:59.877|OPE:TGroupForm.CheckBoxTempClick2021/01/29 09:58:59.883|OPE:TGroupForm.CheckBoxTempClick2021/01/29 09:58:59.890|OPE:TGroupForm.CheckBoxTempClick2021/01/29 09:58:59.896|OPE:TGroupForm.CheckBoxTempClick2021/01/29 09:58:59.902|OPE:TGroupForm.CheckBoxTempClick2021/01/29 09:58:59.908|OPE:TGroupForm.CheckBoxTempClick2021/01/29 09:58:59.914|OPE:TGroupForm.CheckBoxTempClick2021/01/29 09:58:59.920|OPE:TGroupForm.CheckBoxTempClick2021/01/29 09:58:59.926|OPE:TGroupForm.CheckBoxTempClick2021/01/29 09:58:59.932|OPE:TGroupForm.CheckBoxTempClick2021/01/29 09:58:59.938|OPE:TGroupForm.CheckBoxTempClick2021/01/29 09:58:59.944|OPE:TGroupForm.CheckBoxTempClick2021/01/29 09:58:59.950|OPE:TGroupForm.CheckBoxTempClick2021/01/29 09:58:59.956|OPE:TGroupForm.CheckBoxTempClick2021/01/29 09:58:59.962|OPE:TGroupForm.CheckBoxTempClick2021/01/29 09:58:59.968|OPE:TGroupForm.CheckBoxTempClick2021/01/29 09:58:59.974|OPE:TGroupForm.CheckBoxTempClick2021/01/29 09:58:59.980|OPE:TGroupForm.CheckBoxTempClick2021/01/29 09:58:59.986|OPE:TGroupForm.CheckBoxTempClick2021/01/29 09:58:59.992|OPE:TGroupForm.CheckBoxTempClick2021/01/29 09:58:59.998|OPE:TGroupForm.CheckBoxTempClick2021/01/29 09:59:00.008|OPE:TGroupForm.CheckBoxTempClick2021/01/29 09:59:00.016|OPE:TGroupForm.CheckBoxTempClick2021/01/29 09:59:00.022|OPE:TGroupForm.CheckBoxTempClick2021/01/29 09:59:00.029|OPE:TGroupForm.CheckBoxTempClick2021/01/29 09:59:00.036|OPE:TGroupForm.CheckBoxTempClick2021/01/29 09:59:00.042|OPE:TGroupForm.CheckBoxTempClick2021/01/29 09:59:00.049|OPE:TGroupForm.CheckBoxTempClick2021/01/29 09:59:00.055|OPE:TGroupForm.CheckBoxTempClick2021/01/29 09:59:00.062|OPE:TGroupForm.CheckBoxTempClick2021/01/29 09:59:00.068|OPE:TGroupForm.CheckBoxTempClick2021/01/29 09:59:00.074|OPE:TGroupForm.CheckBoxTempClick2021/01/29 09:59:00.081|OPE:TGroupForm.CheckBoxTempClick2021/01/29 09:59:00.086|OPE:TGroupForm.CheckBoxTempClick2021/01/29 09:59:00.093|OPE:TGroupForm.CheckBoxTempClick2021/01/29 09:59:00.099|OPE:TGroupForm.CheckBoxTempClick2021/01/29 09:59:00.105|OPE:TGroupForm.CheckBoxTempClick2021/01/29 09:59:00.111|OPE:TGroupForm.CheckBoxTempClick2021/01/29 09:59:00.119|OPE:TGroupForm.CheckBoxTempClick2021/01/29 09:59:00.126|OPE:TGroupForm.CheckBoxTempClick2021/01/29 09:59:00.132|OPE:TGroupForm.CheckBoxTempClick2021/01/29 09:59:00.138|OPE:TGroupForm.CheckBoxTempClick2021/01/29 09:59:00.144|OPE:TGroupForm.CheckBoxTempClick2021/01/29 09:59:00.151|OPE:TGroupForm.CheckBoxTempClick2021/01/29 09:59:00.158|OPE:TGroupForm.TopLabelClick 22021/01/29 09:59:00.713|OPE:TGroupForm.DispXPTGroup2021/01/29 09:59:00.720|OPE:TGroupForm.CheckBoxTempClick2021/01/29 09:59:00.727|OPE:TGroupForm.CheckBoxTempClick2021/01/29 09:59:00.733|OPE:TGroupForm.CheckBoxTempClick2021/01/29 09:59:00.739|OPE:TGroupForm.CheckBoxTempClick2021/01/29 09:59:00.746|OPE:TGroupForm.CheckBoxTempClick2021/01/29 09:59:00.752|OPE:TGroupForm.CheckBoxTempClick2021/01/29 09:59:00.758|OPE:TGroupForm.CheckBoxTempClick2021/01/29 09:59:00.765|OPE:TGroupForm.CheckBoxTempClick2021/01/29 09:59:00.771|OPE:TGroupForm.CheckBoxTempClick2021/01/29 09:59:00.778|OPE:TGroupForm.CheckBoxTempClick2021/01/29 09:59:00.784|OPE:TGroupForm.CheckBoxTempClick2021/01/29 09:59:00.790|OPE:TGroupForm.CheckBoxTempClick2021/01/29 09:59:00.797|OPE:TGroupForm.CheckBoxTempClick2021/01/29 09:59:00.803|OPE:TGroupForm.CheckBoxTempClick2021/01/29 09:59:00.809|OPE:TGroupForm.CheckBoxTempClick2021/01/29 09:59:00.815|OPE:TGroupForm.CheckBoxTempClick2021/01/29 09:59:00.822|OPE:TGroupForm.CheckBoxTempClick2021/01/29 09:59:00.828|OPE:TGroupForm.CheckBoxTempClick2021/01/29 09:59:00.835|OPE:TGroupForm.CheckBoxTempClick2021/01/29 09:59:00.842|OPE:TGroupForm.CheckBoxTempClick2021/01/29 09:59:00.848|OPE:TGroupForm.CheckBoxTempClick2021/01/29 09:59:00.854|OPE:TGroupForm.CheckBoxTempClick2021/01/29 09:59:00.860|OPE:TGroupForm.CheckBoxTempClick2021/01/29 09:59:00.867|OPE:TGroupForm.CheckBoxTempClick2021/01/29 09:59:00.873|OPE:TGroupForm.CheckBoxTempClick2021/01/29 09:59:00.879|OPE:TGroupForm.CheckBoxTempClick2021/01/29 09:59:00.885|OPE:TGroupForm.CheckBoxTempClick2021/01/29 09:59:00.892|OPE:TGroupForm.CheckBoxTempClick2021/01/29 09:59:00.898|OPE:TGroupForm.CheckBoxTempClick2021/01/29 09:59:00.904|OPE:TGroupForm.CheckBoxTempClick2021/01/29 09:59:00.911|OPE:TGroupForm.CheckBoxTempClick2021/01/29 09:59:00.917|OPE:TGroupForm.CheckBoxTempClick2021/01/29 09:59:00.923|OPE:TGroupForm.CheckBoxTempClick2021/01/29 09:59:00.930|OPE:TGroupForm.CheckBoxTempClick2021/01/29 09:59:00.936|OPE:TGroupForm.CheckBoxTempClick2021/01/29 09:59:00.942|OPE:TGroupForm.CheckBoxTempClick2021/01/29 09:59:00.948|OPE:TGroupForm.CheckBoxTempClick2021/01/29 09:59:00.955|OPE:TGroupForm.CheckBoxTempClick2021/01/29 09:59:00.961|OPE:TGroupForm.CheckBoxTempClick2021/01/29 09:59:00.967|OPE:TGroupForm.CheckBoxTempClick2021/01/29 09:59:00.974|OPE:TGroupForm.CheckBoxTempClick2021/01/29 09:59:00.980|OPE:TGroupForm.CheckBoxTempClick2021/01/29 09:59:00.986|OPE:TGroupForm.CheckBoxTempClick2021/01/29 09:59:00.993|OPE:TGroupForm.CheckBoxTempClick2021/01/29 09:59:00.999|OPE:TGroupForm.CheckBoxTempClick2021/01/29 09:59:01.005|OPE:TGroupForm.CheckBoxTempClick2021/01/29 09:59:01.011|OPE:TGroupForm.CheckBoxTempClick2021/01/29 09:59:01.017|OPE:TGroupForm.CheckBoxTempClick2021/01/29 09:59:01.024|OPE:TGroupForm.CheckBoxTempClick2021/01/29 09:59:01.030|OPE:TGroupForm.CheckBoxTempClick2021/01/29 09:59:01.037|OPE:TGroupForm.CheckBoxTempClick2021/01/29 09:59:01.043|OPE:TGroupForm.CheckBoxTempClick2021/01/29 09:59:01.049|OPE:TGroupForm.CheckBoxTempClick2021/01/29 09:59:01.056|OPE:TGroupForm.CheckBoxTempClick2021/01/29 09:59:01.062|OPE:TGroupForm.CheckBoxTempClick2021/01/29 09:59:01.067|OPE:TGroupForm.CheckBoxTempClick2021/01/29 09:59:01.074|OPE:TGroupForm.CheckBoxTempClick2021/01/29 09:59:01.080|OPE:TGroupForm.CheckBoxTempClick2021/01/29 09:59:01.086|OPE:TGroupForm.CheckBoxTempClick2021/01/29 09:59:01.092|OPE:TGroupForm.CheckBoxTempClick2021/01/29 09:59:01.099|OPE:TGroupForm.CheckBoxTempClick2021/01/29 09:59:01.105|OPE:TGroupForm.CheckBoxTempClick2021/01/29 09:59:01.111|OPE:TGroupForm.CheckBoxTempClick2021/01/29 09:59:01.118|OPE:TGroupForm.CheckBoxTempClick2021/01/29 09:59:01.124|OPE:TGroupForm.CheckBoxTempClick2021/01/29 09:59:01.131|OPE:TGroupForm.CheckBoxTempClick2021/01/29 09:59:01.138|OPE:TGroupForm.CheckBoxTempClick2021/01/29 09:59:01.144|OPE:TGroupForm.CheckBoxTempClick2021/01/29 09:59:01.150|OPE:TGroupForm.CheckBoxTempClick2021/01/29 09:59:01.156|OPE:TGroupForm.CheckBoxTempClick2021/01/29 09:59:01.163|OPE:TGroupForm.CheckBoxTempClick2021/01/29 09:59:01.169|OPE:TGroupForm.CheckBoxTempClick2021/01/29 09:59:01.175|OPE:TGroupForm.CheckBoxTempClick2021/01/29 09:59:01.181|OPE:TGroupForm.CheckBoxTempClick2021/01/29 09:59:01.188|OPE:TGroupForm.CheckBoxTempClick2021/01/29 09:59:01.194|OPE:TGroupForm.CheckBoxTempClick2021/01/29 09:59:01.201|OPE:TGroupForm.CheckBoxTempClick2021/01/29 09:59:01.207|OPE:TGroupForm.CheckBoxTempClick2021/01/29 09:59:01.214|OPE:TGroupForm.CheckBoxTempClick2021/01/29 09:59:01.220|OPE:TGroupForm.CheckBoxTempClick2021/01/29 09:59:01.226|OPE:TGroupForm.CheckBoxTempClick2021/01/29 09:59:01.232|OPE:TGroupForm.CheckBoxTempClick2021/01/29 09:59:01.239|OPE:TGroupForm.CheckBoxTempClick2021/01/29 09:59:01.245|OPE:TGroupForm.CheckBoxTempClick2021/01/29 09:59:01.251|OPE:TGroupForm.CheckBoxTempClick2021/01/29 09:59:01.257|OPE:TGroupForm.CheckBoxTempClick2021/01/29 09:59:01.264|OPE:TGroupForm.CheckBoxTempClick2021/01/29 09:59:01.270|OPE:TGroupForm.CheckBoxTempClick2021/01/29 09:59:01.277|OPE:TGroupForm.CheckBoxTempClick2021/01/29 09:59:01.283|OPE:TGroupForm.CheckBoxTempClick2021/01/29 09:59:01.289|OPE:TGroupForm.CheckBoxTempClick2021/01/29 09:59:01.296|OPE:TGroupForm.CheckBoxTempClick2021/01/29 09:59:01.304|OPE:TGroupForm.CheckBoxTempClick2021/01/29 09:59:01.310|OPE:TGroupForm.CheckBoxTempClick2021/01/29 09:59:01.316|OPE:TGroupForm.CheckBoxTempClick2021/01/29 09:59:01.323|OPE:TGroupForm.CheckBoxTempClick2021/01/29 09:59:01.329|OPE:TGroupForm.CheckBoxTempClick2021/01/29 09:59:01.335|OPE:TGroupForm.CheckBoxTempClick2021/01/29 09:59:01.341|OPE:TGroupForm.CheckBoxTempClick2021/01/29 09:59:01.348|OPE:TGroupForm.CheckBoxTempClick2021/01/29 09:59:01.354|OPE:TGroupForm.TopLabelClick 32021/01/29 09:59:01.725|OPE:TGroupForm.DispXPTGroup2021/01/29 09:59:01.733|OPE:TGroupForm.CheckBoxTempClick2021/01/29 09:59:01.740|OPE:TGroupForm.CheckBoxTempClick2021/01/29 09:59:01.746|OPE:TGroupForm.CheckBoxTempClick2021/01/29 09:59:01.753|OPE:TGroupForm.CheckBoxTempClick2021/01/29 09:59:01.759|OPE:TGroupForm.CheckBoxTempClick2021/01/29 09:59:01.766|OPE:TGroupForm.CheckBoxTempClick2021/01/29 09:59:01.772|OPE:TGroupForm.CheckBoxTempClick2021/01/29 09:59:01.778|OPE:TGroupForm.CheckBoxTempClick2021/01/29 09:59:01.785|OPE:TGroupForm.CheckBoxTempClick2021/01/29 09:59:01.791|OPE:TGroupForm.CheckBoxTempClick2021/01/29 09:59:01.798|OPE:TGroupForm.CheckBoxTempClick2021/01/29 09:59:01.804|OPE:TGroupForm.CheckBoxTempClick2021/01/29 09:59:01.811|OPE:TGroupForm.CheckBoxTempClick2021/01/29 09:59:01.817|OPE:TGroupForm.CheckBoxTempClick2021/01/29 09:59:01.823|OPE:TGroupForm.CheckBoxTempClick2021/01/29 09:59:01.830|OPE:TGroupForm.CheckBoxTempClick2021/01/29 09:59:01.836|OPE:TGroupForm.CheckBoxTempClick2021/01/29 09:59:01.842|OPE:TGroupForm.CheckBoxTempClick2021/01/29 09:59:01.849|OPE:TGroupForm.CheckBoxTempClick2021/01/29 09:59:01.855|OPE:TGroupForm.CheckBoxTempClick2021/01/29 09:59:01.861|OPE:TGroupForm.CheckBoxTempClick2021/01/29 09:59:01.868|OPE:TGroupForm.CheckBoxTempClick2021/01/29 09:59:01.874|OPE:TGroupForm.CheckBoxTempClick2021/01/29 09:59:01.881|OPE:TGroupForm.CheckBoxTempClick2021/01/29 09:59:01.887|OPE:TGroupForm.CheckBoxTempClick2021/01/29 09:59:01.894|OPE:TGroupForm.CheckBoxTempClick2021/01/29 09:59:01.900|OPE:TGroupForm.CheckBoxTempClick2021/01/29 09:59:01.906|OPE:TGroupForm.CheckBoxTempClick2021/01/29 09:59:01.913|OPE:TGroupForm.CheckBoxTempClick2021/01/29 09:59:01.919|OPE:TGroupForm.CheckBoxTempClick2021/01/29 09:59:01.926|OPE:TGroupForm.CheckBoxTempClick2021/01/29 09:59:01.932|OPE:TGroupForm.CheckBoxTempClick2021/01/29 09:59:01.939|OPE:TGroupForm.CheckBoxTempClick2021/01/29 09:59:01.946|OPE:TGroupForm.CheckBoxTempClick2021/01/29 09:59:01.953|OPE:TGroupForm.CheckBoxTempClick2021/01/29 09:59:01.959|OPE:TGroupForm.CheckBoxTempClick2021/01/29 09:59:01.969|OPE:TGroupForm.CheckBoxTempClick2021/01/29 09:59:01.991|OPE:TGroupForm.CheckBoxTempClick2021/01/29 09:59:01.998|OPE:TGroupForm.CheckBoxTempClick2021/01/29 09:59:02.005|OPE:TGroupForm.CheckBoxTempClick2021/01/29 09:59:02.011|OPE:TGroupForm.CheckBoxTempClick2021/01/29 09:59:02.018|OPE:TGroupForm.CheckBoxTempClick2021/01/29 09:59:02.024|OPE:TGroupForm.CheckBoxTempClick2021/01/29 09:59:02.030|OPE:TGroupForm.CheckBoxTempClick2021/01/29 09:59:02.037|OPE:TGroupForm.CheckBoxTempClick2021/01/29 09:59:02.043|OPE:TGroupForm.CheckBoxTempClick2021/01/29 09:59:02.049|OPE:TGroupForm.CheckBoxTempClick2021/01/29 09:59:02.056|OPE:TGroupForm.CheckBoxTempClick2021/01/29 09:59:02.063|OPE:TGroupForm.CheckBoxTempClick2021/01/29 09:59:02.070|OPE:TGroupForm.CheckBoxTempClick2021/01/29 09:59:02.077|OPE:TGroupForm.CheckBoxTempClick2021/01/29 09:59:02.083|OPE:TGroupForm.CheckBoxTempClick2021/01/29 09:59:02.089|OPE:TGroupForm.CheckBoxTempClick2021/01/29 09:59:02.096|OPE:TGroupForm.CheckBoxTempClick2021/01/29 09:59:02.102|OPE:TGroupForm.CheckBoxTempClick2021/01/29 09:59:02.108|OPE:TGroupForm.CheckBoxTempClick2021/01/29 09:59:02.115|OPE:TGroupForm.CheckBoxTempClick2021/01/29 09:59:02.121|OPE:TGroupForm.CheckBoxTempClick2021/01/29 09:59:02.127|OPE:TGroupForm.CheckBoxTempClick2021/01/29 09:59:02.136|OPE:TGroupForm.CheckBoxTempClick2021/01/29 09:59:02.142|OPE:TGroupForm.CheckBoxTempClick2021/01/29 09:59:02.148|OPE:TGroupForm.CheckBoxTempClick2021/01/29 09:59:02.155|OPE:TGroupForm.CheckBoxTempClick2021/01/29 09:59:02.160|OPE:TGroupForm.CheckBoxTempClick2021/01/29 09:59:02.167|OPE:TGroupForm.CheckBoxTempClick2021/01/29 09:59:02.173|OPE:TGroupForm.CheckBoxTempClick2021/01/29 09:59:02.179|OPE:TGroupForm.CheckBoxTempClick2021/01/29 09:59:02.186|OPE:TGroupForm.CheckBoxTempClick2021/01/29 09:59:02.193|OPE:TGroupForm.CheckBoxTempClick2021/01/29 09:59:02.199|OPE:TGroupForm.CheckBoxTempClick2021/01/29 09:59:02.206|OPE:TGroupForm.CheckBoxTempClick2021/01/29 09:59:02.212|OPE:TGroupForm.CheckBoxTempClick2021/01/29 09:59:02.218|OPE:TGroupForm.CheckBoxTempClick2021/01/29 09:59:02.225|OPE:TGroupForm.CheckBoxTempClick2021/01/29 09:59:02.231|OPE:TGroupForm.CheckBoxTempClick2021/01/29 09:59:02.237|OPE:TGroupForm.CheckBoxTempClick2021/01/29 09:59:02.244|OPE:TGroupForm.CheckBoxTempClick2021/01/29 09:59:02.250|OPE:TGroupForm.CheckBoxTempClick2021/01/29 09:59:02.256|OPE:TGroupForm.CheckBoxTempClick2021/01/29 09:59:02.263|OPE:TGroupForm.CheckBoxTempClick2021/01/29 09:59:02.269|OPE:TGroupForm.CheckBoxTempClick2021/01/29 09:59:02.276|OPE:TGroupForm.CheckBoxTempClick2021/01/29 09:59:02.282|OPE:TGroupForm.CheckBoxTempClick2021/01/29 09:59:02.288|OPE:TGroupForm.CheckBoxTempClick2021/01/29 09:59:02.295|OPE:TGroupForm.CheckBoxTempClick2021/01/29 09:59:02.301|OPE:TGroupForm.CheckBoxTempClick2021/01/29 09:59:02.308|OPE:TGroupForm.CheckBoxTempClick2021/01/29 09:59:02.314|OPE:TGroupForm.CheckBoxTempClick2021/01/29 09:59:02.321|OPE:TGroupForm.CheckBoxTempClick2021/01/29 09:59:02.327|OPE:TGroupForm.CheckBoxTempClick2021/01/29 09:59:02.333|OPE:TGroupForm.CheckBoxTempClick2021/01/29 09:59:02.339|OPE:TGroupForm.CheckBoxTempClick2021/01/29 09:59:02.345|OPE:TGroupForm.CheckBoxTempClick2021/01/29 09:59:02.352|OPE:TGroupForm.CheckBoxTempClick2021/01/29 09:59:02.358|OPE:TGroupForm.CheckBoxTempClick2021/01/29 09:59:02.364|OPE:TGroupForm.CheckBoxTempClick2021/01/29 09:59:02.371|OPE:TGroupForm.CheckBoxTempClick2021/01/29 09:59:02.377|OPE:TGroupForm.CheckBoxTempClick2021/01/29 09:59:02.384|OPE:TGroupForm.CheckBoxTempClick2021/01/29 09:59:02.392|OPE:TGroupForm.CheckBoxTempClick2021/01/29 09:59:02.398|OPE:TGroupForm.TopLabelClick 42021/01/29 09:59:02.907|OPE:TGroupForm.DispXPTGroup2021/01/29 09:59:02.914|OPE:TGroupForm.CheckBoxTempClick2021/01/29 09:59:02.922|OPE:TGroupForm.CheckBoxTempClick2021/01/29 09:59:02.929|OPE:TGroupForm.CheckBoxTempClick2021/01/29 09:59:02.936|OPE:TGroupForm.CheckBoxTempClick2021/01/29 09:59:02.943|OPE:TGroupForm.CheckBoxTempClick2021/01/29 09:59:02.949|OPE:TGroupForm.CheckBoxTempClick2021/01/29 09:59:02.957|OPE:TGroupForm.CheckBoxTempClick2021/01/29 09:59:02.963|OPE:TGroupForm.CheckBoxTempClick2021/01/29 09:59:02.970|OPE:TGroupForm.CheckBoxTempClick2021/01/29 09:59:02.976|OPE:TGroupForm.CheckBoxTempClick2021/01/29 09:59:02.983|OPE:TGroupForm.CheckBoxTempClick2021/01/29 09:59:02.989|OPE:TGroupForm.CheckBoxTempClick2021/01/29 09:59:02.996|OPE:TGroupForm.CheckBoxTempClick2021/01/29 09:59:03.002|OPE:TGroupForm.CheckBoxTempClick2021/01/29 09:59:03.009|OPE:TGroupForm.CheckBoxTempClick2021/01/29 09:59:03.015|OPE:TGroupForm.CheckBoxTempClick2021/01/29 09:59:03.022|OPE:TGroupForm.CheckBoxTempClick2021/01/29 09:59:03.028|OPE:TGroupForm.CheckBoxTempClick2021/01/29 09:59:03.035|OPE:TGroupForm.CheckBoxTempClick2021/01/29 09:59:03.041|OPE:TGroupForm.CheckBoxTempClick2021/01/29 09:59:03.048|OPE:TGroupForm.CheckBoxTempClick2021/01/29 09:59:03.054|OPE:TGroupForm.CheckBoxTempClick2021/01/29 09:59:03.061|OPE:TGroupForm.CheckBoxTempClick2021/01/29 09:59:03.067|OPE:TGroupForm.CheckBoxTempClick2021/01/29 09:59:03.074|OPE:TGroupForm.CheckBoxTempClick2021/01/29 09:59:03.081|OPE:TGroupForm.CheckBoxTempClick2021/01/29 09:59:03.087|OPE:TGroupForm.CheckBoxTempClick2021/01/29 09:59:03.093|OPE:TGroupForm.CheckBoxTempClick2021/01/29 09:59:03.099|OPE:TGroupForm.CheckBoxTempClick2021/01/29 09:59:03.105|OPE:TGroupForm.CheckBoxTempClick2021/01/29 09:59:03.112|OPE:TGroupForm.CheckBoxTempClick2021/01/29 09:59:03.118|OPE:TGroupForm.CheckBoxTempClick2021/01/29 09:59:03.124|OPE:TGroupForm.CheckBoxTempClick2021/01/29 09:59:03.131|OPE:TGroupForm.CheckBoxTempClick2021/01/29 09:59:03.137|OPE:TGroupForm.CheckBoxTempClick2021/01/29 09:59:03.144|OPE:TGroupForm.CheckBoxTempClick2021/01/29 09:59:03.150|OPE:TGroupForm.CheckBoxTempClick2021/01/29 09:59:03.157|OPE:TGroupForm.CheckBoxTempClick2021/01/29 09:59:03.163|OPE:TGroupForm.CheckBoxTempClick2021/01/29 09:59:03.169|OPE:TGroupForm.CheckBoxTempClick2021/01/29 09:59:03.176|OPE:TGroupForm.CheckBoxTempClick2021/01/29 09:59:03.182|OPE:TGroupForm.CheckBoxTempClick2021/01/29 09:59:03.189|OPE:TGroupForm.CheckBoxTempClick2021/01/29 09:59:03.195|OPE:TGroupForm.CheckBoxTempClick2021/01/29 09:59:03.202|OPE:TGroupForm.CheckBoxTempClick2021/01/29 09:59:03.208|OPE:TGroupForm.CheckBoxTempClick2021/01/29 09:59:03.214|OPE:TGroupForm.CheckBoxTempClick2021/01/29 09:59:03.221|OPE:TGroupForm.CheckBoxTempClick2021/01/29 09:59:03.227|OPE:TGroupForm.CheckBoxTempClick2021/01/29 09:59:03.234|OPE:TGroupForm.CheckBoxTempClick2021/01/29 09:59:03.240|OPE:TGroupForm.CheckBoxTempClick2021/01/29 09:59:03.247|OPE:TGroupForm.CheckBoxTempClick2021/01/29 09:59:03.253|OPE:TGroupForm.CheckBoxTempClick2021/01/29 09:59:03.260|OPE:TGroupForm.CheckBoxTempClick2021/01/29 09:59:03.266|OPE:TGroupForm.CheckBoxTempClick2021/01/29 09:59:03.273|OPE:TGroupForm.CheckBoxTempClick2021/01/29 09:59:03.279|OPE:TGroupForm.CheckBoxTempClick2021/01/29 09:59:03.286|OPE:TGroupForm.CheckBoxTempClick2021/01/29 09:59:03.292|OPE:TGroupForm.CheckBoxTempClick2021/01/29 09:59:03.299|OPE:TGroupForm.CheckBoxTempClick2021/01/29 09:59:03.305|OPE:TGroupForm.CheckBoxTempClick2021/01/29 09:59:03.312|OPE:TGroupForm.CheckBoxTempClick2021/01/29 09:59:03.318|OPE:TGroupForm.CheckBoxTempClick2021/01/29 09:59:03.324|OPE:TGroupForm.CheckBoxTempClick2021/01/29 09:59:03.331|OPE:TGroupForm.CheckBoxTempClick2021/01/29 09:59:03.337|OPE:TGroupForm.CheckBoxTempClick2021/01/29 09:59:03.344|OPE:TGroupForm.CheckBoxTempClick2021/01/29 09:59:03.350|OPE:TGroupForm.CheckBoxTempClick2021/01/29 09:59:03.356|OPE:TGroupForm.CheckBoxTempClick2021/01/29 09:59:03.363|OPE:TGroupForm.CheckBoxTempClick2021/01/29 09:59:03.369|OPE:TGroupForm.CheckBoxTempClick2021/01/29 09:59:03.376|OPE:TGroupForm.CheckBoxTempClick2021/01/29 09:59:03.382|OPE:TGroupForm.CheckBoxTempClick2021/01/29 09:59:03.389|OPE:TGroupForm.CheckBoxTempClick2021/01/29 09:59:03.396|OPE:TGroupForm.CheckBoxTempClick2021/01/29 09:59:03.402|OPE:TGroupForm.CheckBoxTempClick2021/01/29 09:59:03.408|OPE:TGroupForm.CheckBoxTempClick2021/01/29 09:59:03.415|OPE:TGroupForm.CheckBoxTempClick2021/01/29 09:59:03.422|OPE:TGroupForm.CheckBoxTempClick2021/01/29 09:59:03.429|OPE:TGroupForm.CheckBoxTempClick2021/01/29 09:59:03.435|OPE:TGroupForm.CheckBoxTempClick2021/01/29 09:59:03.441|OPE:TGroupForm.CheckBoxTempClick2021/01/29 09:59:03.448|OPE:TGroupForm.CheckBoxTempClick2021/01/29 09:59:03.454|OPE:TGroupForm.CheckBoxTempClick2021/01/29 09:59:03.461|OPE:TGroupForm.CheckBoxTempClick2021/01/29 09:59:03.467|OPE:TGroupForm.CheckBoxTempClick2021/01/29 09:59:03.474|OPE:TGroupForm.CheckBoxTempClick2021/01/29 09:59:03.480|OPE:TGroupForm.CheckBoxTempClick2021/01/29 09:59:03.486|OPE:TGroupForm.CheckBoxTempClick2021/01/29 09:59:03.492|OPE:TGroupForm.CheckBoxTempClick2021/01/29 09:59:03.498|OPE:TGroupForm.CheckBoxTempClick2021/01/29 09:59:03.505|OPE:TGroupForm.CheckBoxTempClick2021/01/29 09:59:03.511|OPE:TGroupForm.CheckBoxTempClick2021/01/29 09:59:03.518|OPE:TGroupForm.CheckBoxTempClick2021/01/29 09:59:03.524|OPE:TGroupForm.CheckBoxTempClick2021/01/29 09:59:03.531|OPE:TGroupForm.TopLabelClick 52021/01/29 09:59:20.771|OPE:TGroupForm.DispXPTGroup2021/01/29 09:59:20.779|OPE:TGroupForm.CheckBoxTempClick2021/01/29 09:59:20.786|OPE:TGroupForm.CheckBoxTempClick2021/01/29 09:59:20.793|OPE:TGroupForm.CheckBoxTempClick2021/01/29 09:59:20.800|OPE:TGroupForm.CheckBoxTempClick2021/01/29 09:59:20.807|OPE:TGroupForm.CheckBoxTempClick2021/01/29 09:59:20.813|OPE:TGroupForm.CheckBoxTempClick2021/01/29 09:59:20.820|OPE:TGroupForm.CheckBoxTempClick2021/01/29 09:59:20.826|OPE:TGroupForm.CheckBoxTempClick2021/01/29 09:59:20.833|OPE:TGroupForm.CheckBoxTempClick2021/01/29 09:59:20.840|OPE:TGroupForm.CheckBoxTempClick2021/01/29 09:59:20.846|OPE:TGroupForm.CheckBoxTempClick2021/01/29 09:59:20.853|OPE:TGroupForm.CheckBoxTempClick2021/01/29 09:59:20.859|OPE:TGroupForm.CheckBoxTempClick2021/01/29 09:59:20.866|OPE:TGroupForm.CheckBoxTempClick2021/01/29 09:59:20.872|OPE:TGroupForm.CheckBoxTempClick2021/01/29 09:59:20.879|OPE:TGroupForm.CheckBoxTempClick2021/01/29 09:59:20.885|OPE:TGroupForm.CheckBoxTempClick2021/01/29 09:59:20.892|OPE:TGroupForm.CheckBoxTempClick2021/01/29 09:59:20.899|OPE:TGroupForm.CheckBoxTempClick2021/01/29 09:59:20.905|OPE:TGroupForm.CheckBoxTempClick2021/01/29 09:59:20.912|OPE:TGroupForm.CheckBoxTempClick2021/01/29 09:59:20.918|OPE:TGroupForm.CheckBoxTempClick2021/01/29 09:59:20.925|OPE:TGroupForm.CheckBoxTempClick2021/01/29 09:59:20.932|OPE:TGroupForm.CheckBoxTempClick2021/01/29 09:59:20.938|OPE:TGroupForm.CheckBoxTempClick2021/01/29 09:59:20.945|OPE:TGroupForm.CheckBoxTempClick2021/01/29 09:59:20.951|OPE:TGroupForm.CheckBoxTempClick2021/01/29 09:59:20.958|OPE:TGroupForm.CheckBoxTempClick2021/01/29 09:59:20.964|OPE:TGroupForm.CheckBoxTempClick2021/01/29 09:59:20.970|OPE:TGroupForm.CheckBoxTempClick2021/01/29 09:59:20.977|OPE:TGroupForm.CheckBoxTempClick2021/01/29 09:59:20.984|OPE:TGroupForm.CheckBoxTempClick2021/01/29 09:59:20.989|OPE:TGroupForm.CheckBoxTempClick2021/01/29 09:59:20.996|OPE:TGroupForm.CheckBoxTempClick2021/01/29 09:59:21.002|OPE:TGroupForm.CheckBoxTempClick2021/01/29 09:59:21.008|OPE:TGroupForm.CheckBoxTempClick2021/01/29 09:59:21.015|OPE:TGroupForm.CheckBoxTempClick2021/01/29 09:59:21.022|OPE:TGroupForm.CheckBoxTempClick2021/01/29 09:59:21.028|OPE:TGroupForm.CheckBoxTempClick2021/01/29 09:59:21.034|OPE:TGroupForm.CheckBoxTempClick2021/01/29 09:59:21.041|OPE:TGroupForm.CheckBoxTempClick2021/01/29 09:59:21.047|OPE:TGroupForm.CheckBoxTempClick2021/01/29 09:59:21.054|OPE:TGroupForm.CheckBoxTempClick2021/01/29 09:59:21.060|OPE:TGroupForm.CheckBoxTempClick2021/01/29 09:59:21.067|OPE:TGroupForm.CheckBoxTempClick2021/01/29 09:59:21.074|OPE:TGroupForm.CheckBoxTempClick2021/01/29 09:59:21.080|OPE:TGroupForm.CheckBoxTempClick2021/01/29 09:59:21.087|OPE:TGroupForm.CheckBoxTempClick2021/01/29 09:59:21.093|OPE:TGroupForm.CheckBoxTempClick2021/01/29 09:59:21.100|OPE:TGroupForm.CheckBoxTempClick2021/01/29 09:59:21.106|OPE:TGroupForm.CheckBoxTempClick2021/01/29 09:59:21.113|OPE:TGroupForm.CheckBoxTempClick2021/01/29 09:59:21.119|OPE:TGroupForm.CheckBoxTempClick2021/01/29 09:59:21.125|OPE:TGroupForm.CheckBoxTempClick2021/01/29 09:59:21.132|OPE:TGroupForm.CheckBoxTempClick2021/01/29 09:59:21.138|OPE:TGroupForm.CheckBoxTempClick2021/01/29 09:59:21.145|OPE:TGroupForm.CheckBoxTempClick2021/01/29 09:59:21.151|OPE:TGroupForm.CheckBoxTempClick2021/01/29 09:59:21.158|OPE:TGroupForm.CheckBoxTempClick2021/01/29 09:59:21.164|OPE:TGroupForm.CheckBoxTempClick2021/01/29 09:59:21.171|OPE:TGroupForm.CheckBoxTempClick2021/01/29 09:59:21.179|OPE:TGroupForm.CheckBoxTempClick2021/01/29 09:59:21.185|OPE:TGroupForm.CheckBoxTempClick2021/01/29 09:59:21.192|OPE:TGroupForm.CheckBoxTempClick2021/01/29 09:59:21.199|OPE:TGroupForm.CheckBoxTempClick2021/01/29 09:59:21.206|OPE:TGroupForm.CheckBoxTempClick2021/01/29 09:59:21.212|OPE:TGroupForm.CheckBoxTempClick2021/01/29 09:59:21.219|OPE:TGroupForm.CheckBoxTempClick2021/01/29 09:59:21.225|OPE:TGroupForm.CheckBoxTempClick2021/01/29 09:59:21.232|OPE:TGroupForm.CheckBoxTempClick2021/01/29 09:59:21.239|OPE:TGroupForm.CheckBoxTempClick2021/01/29 09:59:21.245|OPE:TGroupForm.CheckBoxTempClick2021/01/29 09:59:21.251|OPE:TGroupForm.CheckBoxTempClick2021/01/29 09:59:21.258|OPE:TGroupForm.CheckBoxTempClick2021/01/29 09:59:21.265|OPE:TGroupForm.CheckBoxTempClick2021/01/29 09:59:21.271|OPE:TGroupForm.CheckBoxTempClick2021/01/29 09:59:21.277|OPE:TGroupForm.CheckBoxTempClick2021/01/29 09:59:21.284|OPE:TGroupForm.CheckBoxTempClick2021/01/29 09:59:21.291|OPE:TGroupForm.CheckBoxTempClick2021/01/29 09:59:21.297|OPE:TGroupForm.CheckBoxTempClick2021/01/29 09:59:21.304|OPE:TGroupForm.CheckBoxTempClick2021/01/29 09:59:21.310|OPE:TGroupForm.CheckBoxTempClick2021/01/29 09:59:21.317|OPE:TGroupForm.CheckBoxTempClick2021/01/29 09:59:21.324|OPE:TGroupForm.CheckBoxTempClick2021/01/29 09:59:21.330|OPE:TGroupForm.CheckBoxTempClick2021/01/29 09:59:21.336|OPE:TGroupForm.CheckBoxTempClick2021/01/29 09:59:21.343|OPE:TGroupForm.CheckBoxTempClick2021/01/29 09:59:21.350|OPE:TGroupForm.CheckBoxTempClick2021/01/29 09:59:21.356|OPE:TGroupForm.CheckBoxTempClick2021/01/29 09:59:21.363|OPE:TGroupForm.CheckBoxTempClick2021/01/29 09:59:21.369|OPE:TGroupForm.CheckBoxTempClick2021/01/29 09:59:21.376|OPE:TGroupForm.CheckBoxTempClick2021/01/29 09:59:21.382|OPE:TGroupForm.CheckBoxTempClick2021/01/29 09:59:21.389|OPE:TGroupForm.CheckBoxTempClick2021/01/29 09:59:21.396|OPE:TGroupForm.CheckBoxTempClick2021/01/29 09:59:21.403|OPE:TGroupForm.TopLabelClick 42021/01/29 09:59:23.719|OPE:TGroupForm.DispXPTGroup2021/01/29 09:59:23.726|OPE:TGroupForm.CheckBoxTempClick2021/01/29 09:59:23.734|OPE:TGroupForm.CheckBoxTempClick2021/01/29 09:59:23.741|OPE:TGroupForm.CheckBoxTempClick2021/01/29 09:59:23.748|OPE:TGroupForm.CheckBoxTempClick2021/01/29 09:59:23.755|OPE:TGroupForm.CheckBoxTempClick2021/01/29 09:59:23.761|OPE:TGroupForm.CheckBoxTempClick2021/01/29 09:59:23.768|OPE:TGroupForm.CheckBoxTempClick2021/01/29 09:59:23.775|OPE:TGroupForm.CheckBoxTempClick2021/01/29 09:59:23.781|OPE:TGroupForm.CheckBoxTempClick2021/01/29 09:59:23.788|OPE:TGroupForm.CheckBoxTempClick2021/01/29 09:59:23.795|OPE:TGroupForm.CheckBoxTempClick2021/01/29 09:59:23.801|OPE:TGroupForm.CheckBoxTempClick2021/01/29 09:59:23.807|OPE:TGroupForm.CheckBoxTempClick2021/01/29 09:59:23.814|OPE:TGroupForm.CheckBoxTempClick2021/01/29 09:59:23.821|OPE:TGroupForm.CheckBoxTempClick2021/01/29 09:59:23.827|OPE:TGroupForm.CheckBoxTempClick2021/01/29 09:59:23.834|OPE:TGroupForm.CheckBoxTempClick2021/01/29 09:59:23.840|OPE:TGroupForm.CheckBoxTempClick2021/01/29 09:59:23.856|OPE:TGroupForm.CheckBoxTempClick2021/01/29 09:59:23.863|OPE:TGroupForm.CheckBoxTempClick2021/01/29 09:59:23.869|OPE:TGroupForm.CheckBoxTempClick2021/01/29 09:59:23.877|OPE:TGroupForm.CheckBoxTempClick2021/01/29 09:59:23.887|OPE:TGroupForm.CheckBoxTempClick2021/01/29 09:59:23.896|OPE:TGroupForm.CheckBoxTempClick2021/01/29 09:59:23.906|OPE:TGroupForm.CheckBoxTempClick2021/01/29 09:59:23.915|OPE:TGroupForm.CheckBoxTempClick2021/01/29 09:59:23.927|OPE:TGroupForm.CheckBoxTempClick2021/01/29 09:59:23.937|OPE:TGroupForm.CheckBoxTempClick2021/01/29 09:59:23.946|OPE:TGroupForm.CheckBoxTempClick2021/01/29 09:59:23.956|OPE:TGroupForm.CheckBoxTempClick2021/01/29 09:59:23.965|OPE:TGroupForm.CheckBoxTempClick2021/01/29 09:59:23.975|OPE:TGroupForm.CheckBoxTempClick2021/01/29 09:59:23.984|OPE:TGroupForm.CheckBoxTempClick2021/01/29 09:59:23.993|OPE:TGroupForm.CheckBoxTempClick2021/01/29 09:59:24.003|OPE:TGroupForm.CheckBoxTempClick2021/01/29 09:59:24.012|OPE:TGroupForm.CheckBoxTempClick2021/01/29 09:59:24.020|OPE:TGroupForm.CheckBoxTempClick2021/01/29 09:59:24.029|OPE:TGroupForm.CheckBoxTempClick2021/01/29 09:59:24.039|OPE:TGroupForm.CheckBoxTempClick2021/01/29 09:59:24.047|OPE:TGroupForm.CheckBoxTempClick2021/01/29 09:59:24.053|OPE:TGroupForm.CheckBoxTempClick2021/01/29 09:59:24.060|OPE:TGroupForm.CheckBoxTempClick2021/01/29 09:59:24.066|OPE:TGroupForm.CheckBoxTempClick2021/01/29 09:59:24.076|OPE:TGroupForm.CheckBoxTempClick2021/01/29 09:59:24.082|OPE:TGroupForm.CheckBoxTempClick2021/01/29 09:59:24.089|OPE:TGroupForm.CheckBoxTempClick2021/01/29 09:59:24.095|OPE:TGroupForm.CheckBoxTempClick2021/01/29 09:59:24.102|OPE:TGroupForm.CheckBoxTempClick2021/01/29 09:59:24.108|OPE:TGroupForm.CheckBoxTempClick2021/01/29 09:59:24.115|OPE:TGroupForm.CheckBoxTempClick2021/01/29 09:59:24.122|OPE:TGroupForm.CheckBoxTempClick2021/01/29 09:59:24.128|OPE:TGroupForm.CheckBoxTempClick2021/01/29 09:59:24.135|OPE:TGroupForm.CheckBoxTempClick2021/01/29 09:59:24.141|OPE:TGroupForm.CheckBoxTempClick2021/01/29 09:59:24.148|OPE:TGroupForm.CheckBoxTempClick2021/01/29 09:59:24.154|OPE:TGroupForm.CheckBoxTempClick2021/01/29 09:59:24.160|OPE:TGroupForm.CheckBoxTempClick2021/01/29 09:59:24.167|OPE:TGroupForm.CheckBoxTempClick2021/01/29 09:59:24.173|OPE:TGroupForm.CheckBoxTempClick2021/01/29 09:59:24.179|OPE:TGroupForm.CheckBoxTempClick2021/01/29 09:59:24.186|OPE:TGroupForm.CheckBoxTempClick2021/01/29 09:59:24.192|OPE:TGroupForm.CheckBoxTempClick2021/01/29 09:59:24.198|OPE:TGroupForm.CheckBoxTempClick2021/01/29 09:59:24.205|OPE:TGroupForm.CheckBoxTempClick2021/01/29 09:59:24.212|OPE:TGroupForm.CheckBoxTempClick2021/01/29 09:59:24.218|OPE:TGroupForm.CheckBoxTempClick2021/01/29 09:59:24.225|OPE:TGroupForm.CheckBoxTempClick2021/01/29 09:59:24.231|OPE:TGroupForm.CheckBoxTempClick2021/01/29 09:59:24.238|OPE:TGroupForm.CheckBoxTempClick2021/01/29 09:59:24.244|OPE:TGroupForm.CheckBoxTempClick2021/01/29 09:59:24.251|OPE:TGroupForm.CheckBoxTempClick2021/01/29 09:59:24.258|OPE:TGroupForm.CheckBoxTempClick2021/01/29 09:59:24.264|OPE:TGroupForm.CheckBoxTempClick2021/01/29 09:59:24.271|OPE:TGroupForm.CheckBoxTempClick2021/01/29 09:59:24.277|OPE:TGroupForm.CheckBoxTempClick2021/01/29 09:59:24.284|OPE:TGroupForm.CheckBoxTempClick2021/01/29 09:59:24.290|OPE:TGroupForm.CheckBoxTempClick2021/01/29 09:59:24.297|OPE:TGroupForm.CheckBoxTempClick2021/01/29 09:59:24.303|OPE:TGroupForm.CheckBoxTempClick2021/01/29 09:59:24.309|OPE:TGroupForm.CheckBoxTempClick2021/01/29 09:59:24.316|OPE:TGroupForm.CheckBoxTempClick2021/01/29 09:59:24.322|OPE:TGroupForm.CheckBoxTempClick2021/01/29 09:59:24.329|OPE:TGroupForm.CheckBoxTempClick2021/01/29 09:59:24.335|OPE:TGroupForm.CheckBoxTempClick2021/01/29 09:59:24.342|OPE:TGroupForm.CheckBoxTempClick2021/01/29 09:59:24.348|OPE:TGroupForm.CheckBoxTempClick2021/01/29 09:59:24.355|OPE:TGroupForm.CheckBoxTempClick2021/01/29 09:59:24.362|OPE:TGroupForm.CheckBoxTempClick2021/01/29 09:59:24.368|OPE:TGroupForm.CheckBoxTempClick2021/01/29 09:59:24.375|OPE:TGroupForm.CheckBoxTempClick2021/01/29 09:59:24.382|OPE:TGroupForm.CheckBoxTempClick2021/01/29 09:59:24.388|OPE:TGroupForm.CheckBoxTempClick2021/01/29 09:59:24.395|OPE:TGroupForm.CheckBoxTempClick2021/01/29 09:59:24.405|OPE:TGroupForm.CheckBoxTempClick2021/01/29 09:59:24.412|OPE:TGroupForm.CheckBoxTempClick2021/01/29 09:59:24.418|OPE:TGroupForm.CheckBoxTempClick2021/01/29 09:59:24.425|OPE:TGroupForm.CheckBoxTempClick2021/01/29 09:59:24.431|OPE:TGroupForm.CheckBoxTempClick2021/01/29 09:59:24.438|OPE:TGroupForm.CheckBoxTempClick2021/01/29 09:59:24.445|OPE:TGroupForm.CheckBoxTempClick2021/01/29 09:59:24.453|OPE:TGroupForm.TopLabelClick 32021/01/29 09:59:28.241|OPE:TGroupForm.DispXPTGroup2021/01/29 09:59:28.249|OPE:TGroupForm.CheckBoxTempClick2021/01/29 09:59:28.256|OPE:TGroupForm.CheckBoxTempClick2021/01/29 09:59:28.263|OPE:TGroupForm.CheckBoxTempClick2021/01/29 09:59:28.270|OPE:TGroupForm.CheckBoxTempClick2021/01/29 09:59:28.277|OPE:TGroupForm.CheckBoxTempClick2021/01/29 09:59:28.283|OPE:TGroupForm.CheckBoxTempClick2021/01/29 09:59:28.290|OPE:TGroupForm.CheckBoxTempClick2021/01/29 09:59:28.297|OPE:TGroupForm.CheckBoxTempClick2021/01/29 09:59:28.304|OPE:TGroupForm.CheckBoxTempClick2021/01/29 09:59:28.311|OPE:TGroupForm.CheckBoxTempClick2021/01/29 09:59:28.317|OPE:TGroupForm.CheckBoxTempClick2021/01/29 09:59:28.324|OPE:TGroupForm.CheckBoxTempClick2021/01/29 09:59:28.330|OPE:TGroupForm.CheckBoxTempClick2021/01/29 09:59:28.337|OPE:TGroupForm.CheckBoxTempClick2021/01/29 09:59:28.343|OPE:TGroupForm.CheckBoxTempClick2021/01/29 