2021/01/29 10:05:39.042|OPE:FormCreatePPROGRAM FILE CREATOR  Ver.1.0.0.0  2021/01/29 10:05:372021/01/29 10:05:39.212|OPE:TXPTLayoutForm.MakeConponent2021/01/29 10:05:39.262|OPE:FormShow2021/01/29 10:05:39.270|OPE:TGroupCategoryForm.MakeCategoryPanel2021/01/29 10:05:39.290|OPE:TGroupForm.MakeComponent2021/01/29 10:05:39.320|OPE:TListForm.MakeComponent2021/01/29 10:05:39.344|OPE:TXPTLayoutForm.MakeConponent2021/01/29 10:05:39.354|OPE:TProgramListForm.MakeComponent2021/01/29 10:05:39.379|OPE:TXPTLayoutForm.MakeConponent2021/01/29 10:05:39.386|OPE:LoadDatabase2021/01/29 10:05:49.011|OPE:MakeLayoutWorkData2021/01/29 10:05:49.021|OPE:GetLayoutTable2021/01/29 10:05:49.028|OPE:GetLayoutTable2021/01/29 10:05:49.036|OPE:GetLayoutTable2021/01/29 10:05:49.045|OPE:GetLayoutTable2021/01/29 10:05:49.052|OPE:GetLayoutTable2021/01/29 10:05:49.058|OPE:GetLayoutTable2021/01/29 10:05:49.065|OPE:GetLayoutTable2021/01/29 10:05:49.072|OPE:GetLayoutTable2021/01/29 10:05:49.084|OPE:GetLayoutTable2021/01/29 10:05:49.090|OPE:GetLayoutTable2021/01/29 10:05:49.097|OPE:GetLayoutTable2021/01/29 10:05:49.103|OPE:GetLayoutTable2021/01/29 10:05:49.112|OPE:GetLayoutTable2021/01/29 10:05:49.118|OPE:GetLayoutTable2021/01/29 10:05:49.125|OPE:GetLayoutTable2021/01/29 10:05:49.132|OPE:GetLayoutTable2021/01/29 10:05:49.139|OPE:GetLayoutTable2021/01/29 10:05:49.145|OPE:GetLayoutTable2021/01/29 10:05:49.152|OPE:GetLayoutTable2021/01/29 10:05:49.158|OPE:GetLayoutTable2021/01/29 10:05:49.165|OPE:MakePanelLayoutWorkData(PANEL)2021/01/29 10:05:49.180|OPE:MakeListLayoutWorkData22021/01/29 10:05:49.189|OPE:MakeUndo 0/1  2021/01/29 10:05:49.195|OPE:MakePanelKeyWork2021/01/29 10:05:49.202|OPE:CategoryButtonClick Category ê›íË  2021/01/29 10:05:49.213|OPE:TGroupCategoryForm.DispCategory2021/01/29 10:05:50.680|OPE:CategoryButtonClick Group ê›íË  2021/01/29 10:05:51.178|OPE:MakeCategoryCombo2021/01/29 10:05:51.194|OPE:TGroupForm.DispXPTGroup2021/01/29 10:05:51.202|OPE:TGroupForm.CheckBoxTempClick2021/01/29 10:05:51.208|OPE:TGroupForm.CheckBoxTempClick2021/01/29 10:05:51.215|OPE:TGroupForm.CheckBoxTempClick2021/01/29 10:05:51.224|OPE:TGroupForm.CheckBoxTempClick2021/01/29 10:05:51.230|OPE:TGroupForm.CheckBoxTempClick2021/01/29 10:05:51.236|OPE:TGroupForm.CheckBoxTempClick2021/01/29 10:05:51.242|OPE:TGroupForm.CheckBoxTempClick2021/01/29 10:05:51.248|OPE:TGroupForm.CheckBoxTempClick2021/01/29 10:05:51.254|OPE:TGroupForm.CheckBoxTempClick2021/01/29 10:05:51.260|OPE:TGroupForm.CheckBoxTempClick2021/01/29 10:05:51.266|OPE:TGroupForm.CheckBoxTempClick2021/01/29 10:05:51.272|OPE:TGroupForm.CheckBoxTempClick2021/01/29 10:05:51.278|OPE:TGroupForm.CheckBoxTempClick2021/01/29 10:05:51.284|OPE:TGroupForm.CheckBoxTempClick2021/01/29 10:05:51.290|OPE:TGroupForm.CheckBoxTempClick2021/01/29 10:05:51.296|OPE:TGroupForm.CheckBoxTempClick2021/01/29 10:05:51.302|OPE:TGroupForm.CheckBoxTempClick2021/01/29 10:05:51.308|OPE:TGroupForm.CheckBoxTempClick2021/01/29 10:05:51.313|OPE:TGroupForm.CheckBoxTempClick2021/01/29 10:05:51.320|OPE:TGroupForm.CheckBoxTempClick2021/01/29 10:05:51.325|OPE:TGroupForm.CheckBoxTempClick2021/01/29 10:05:51.331|OPE:TGroupForm.CheckBoxTempClick2021/01/29 10:05:51.337|OPE:TGroupForm.CheckBoxTempClick2021/01/29 10:05:51.343|OPE:TGroupForm.CheckBoxTempClick2021/01/29 10:05:51.349|OPE:TGroupForm.CheckBoxTempClick2021/01/29 10:05:51.355|OPE:TGroupForm.CheckBoxTempClick2021/01/29 10:05:51.361|OPE:TGroupForm.CheckBoxTempClick2021/01/29 10:05:51.367|OPE:TGroupForm.CheckBoxTempClick2021/01/29 10:05:51.373|OPE:TGroupForm.CheckBoxTempClick2021/01/29 10:05:51.379|OPE:TGroupForm.CheckBoxTempClick2021/01/29 10:05:51.385|OPE:TGroupForm.CheckBoxTempClick2021/01/29 10:05:51.391|OPE:TGroupForm.CheckBoxTempClick2021/01/29 10:05:51.397|OPE:TGroupForm.CheckBoxTempClick2021/01/29 10:05:51.403|OPE:TGroupForm.CheckBoxTempClick2021/01/29 10:05:51.409|OPE:TGroupForm.CheckBoxTempClick2021/01/29 10:05:51.415|OPE:TGroupForm.CheckBoxTempClick2021/01/29 10:05:51.421|OPE:TGroupForm.CheckBoxTempClick2021/01/29 10:05:51.427|OPE:TGroupForm.CheckBoxTempClick2021/01/29 10:05:51.433|OPE:TGroupForm.CheckBoxTempClick2021/01/29 10:05:51.439|OPE:TGroupForm.CheckBoxTempClick2021/01/29 10:05:51.445|OPE:TGroupForm.CheckBoxTempClick2021/01/29 10:05:51.451|OPE:TGroupForm.CheckBoxTempClick2021/01/29 10:05:51.457|OPE:TGroupForm.CheckBoxTempClick2021/01/29 10:05:51.463|OPE:TGroupForm.CheckBoxTempClick2021/01/29 10:05:51.470|OPE:TGroupForm.CheckBoxTempClick2021/01/29 10:05:51.476|OPE:TGroupForm.CheckBoxTempClick2021/01/29 10:05:51.482|OPE:TGroupForm.CheckBoxTempClick2021/01/29 10:05:51.488|OPE:TGroupForm.CheckBoxTempClick2021/01/29 10:05:51.494|OPE:TGroupForm.CheckBoxTempClick2021/01/29 10:05:51.501|OPE:TGroupForm.CheckBoxTempClick2021/01/29 10:05:53.459|OPE:TGroupForm.DispXPTGroup2021/01/29 10:05:53.465|OPE:TGroupForm.CheckBoxTempClick2021/01/29 10:05:53.473|OPE:TGroupForm.CheckBoxTempClick2021/01/29 10:05:53.479|OPE:TGroupForm.CheckBoxTempClick2021/01/29 10:05:53.485|OPE:TGroupForm.CheckBoxTempClick2021/01/29 10:05:53.491|OPE:TGroupForm.CheckBoxTempClick2021/01/29 10:05:53.497|OPE:TGroupForm.CheckBoxTempClick2021/01/29 10:05:53.504|OPE:TGroupForm.CheckBoxTempClick2021/01/29 10:05:53.509|OPE:TGroupForm.CheckBoxTempClick2021/01/29 10:05:53.515|OPE:TGroupForm.CheckBoxTempClick2021/01/29 10:05:53.522|OPE:TGroupForm.CheckBoxTempClick2021/01/29 10:05:53.528|OPE:TGroupForm.CheckBoxTempClick2021/01/29 10:05:53.534|OPE:TGroupForm.CheckBoxTempClick2021/01/29 10:05:53.540|OPE:TGroupForm.CheckBoxTempClick2021/01/29 10:05:53.546|OPE:TGroupForm.CheckBoxTempClick2021/01/29 10:05:53.552|OPE:TGroupForm.CheckBoxTempClick2021/01/29 10:05:53.558|OPE:TGroupForm.CheckBoxTempClick2021/01/29 10:05:53.564|OPE:TGroupForm.CheckBoxTempClick2021/01/29 10:05:53.571|OPE:TGroupForm.CheckBoxTempClick2021/01/29 10:05:53.577|OPE:TGroupForm.CheckBoxTempClick2021/01/29 10:05:53.583|OPE:TGroupForm.CheckBoxTempClick2021/01/29 10:05:53.589|OPE:TGroupForm.CheckBoxTempClick2021/01/29 10:05:53.595|OPE:TGroupForm.CheckBoxTempClick2021/01/29 10:05:53.601|OPE:TGroupForm.CheckBoxTempClick2021/01/29 10:05:53.607|OPE:TGroupForm.CheckBoxTempClick2021/01/29 10:05:53.612|OPE:TGroupForm.CheckBoxTempClick2021/01/29 10:05:53.618|OPE:TGroupForm.CheckBoxTempClick2021/01/29 10:05:53.624|OPE:TGroupForm.CheckBoxTempClick2021/01/29 10:05:53.630|OPE:TGroupForm.CheckBoxTempClick2021/01/29 10:05:53.636|OPE:TGroupForm.CheckBoxTempClick2021/01/29 10:05:53.641|OPE:TGroupForm.CheckBoxTempClick2021/01/29 10:05:53.647|OPE:TGroupForm.CheckBoxTempClick2021/01/29 10:05:53.653|OPE:TGroupForm.CheckBoxTempClick2021/01/29 10:05:53.660|OPE:TGroupForm.CheckBoxTempClick2021/01/29 10:05:53.665|OPE:TGroupForm.CheckBoxTempClick2021/01/29 10:05:53.671|OPE:TGroupForm.CheckBoxTempClick2021/01/29 10:05:53.677|OPE:TGroupForm.CheckBoxTempClick2021/01/29 10:05:53.684|OPE:TGroupForm.CheckBoxTempClick2021/01/29 10:05:53.690|OPE:TGroupForm.CheckBoxTempClick2021/01/29 10:05:53.696|OPE:TGroupForm.CheckBoxTempClick2021/01/29 10:05:53.702|OPE:TGroupForm.CheckBoxTempClick2021/01/29 10:05:53.708|OPE:TGroupForm.CheckBoxTempClick2021/01/29 10:05:53.714|OPE:TGroupForm.CheckBoxTempClick2021/01/29 10:05:53.721|OPE:TGroupForm.CheckBoxTempClick2021/01/29 10:05:53.727|OPE:TGroupForm.CheckBoxTempClick2021/01/29 10:05:53.732|OPE:TGroupForm.CheckBoxTempClick2021/01/29 10:05:53.738|OPE:TGroupForm.CheckBoxTempClick2021/01/29 10:05:53.744|OPE:TGroupForm.CheckBoxTempClick2021/01/29 10:05:53.750|OPE:TGroupForm.CheckBoxTempClick2021/01/29 10:05:53.756|OPE:TGroupForm.CheckBoxTempClick2021/01/29 10:05:53.762|OPE:TGroupForm.CheckBoxTempClick2021/01/29 10:05:53.768|OPE:TGroupForm.CheckBoxTempClick2021/01/29 10:05:53.774|OPE:TGroupForm.CheckBoxTempClick2021/01/29 10:05:53.780|OPE:TGroupForm.CheckBoxTempClick2021/01/29 10:05:53.786|OPE:TGroupForm.CheckBoxTempClick2021/01/29 10:05:53.792|OPE:TGroupForm.CheckBoxTempClick2021/01/29 10:05:53.799|OPE:TGroupForm.CheckBoxTempClick2021/01/29 10:05:53.805|OPE:TGroupForm.CheckBoxTempClick2021/01/29 10:05:53.811|OPE:TGroupForm.CheckBoxTempClick2021/01/29 10:05:53.817|OPE:TGroupForm.CheckBoxTempClick2021/01/29 10:05:53.823|OPE:TGroupForm.CheckBoxTempClick2021/01/29 10:05:53.829|OPE:TGroupForm.CheckBoxTempClick2021/01/29 10:05:53.836|OPE:TGroupForm.CheckBoxTempClick2021/01/29 10:05:53.842|OPE:TGroupForm.CheckBoxTempClick2021/01/29 10:05:53.848|OPE:TGroupForm.CheckBoxTempClick2021/01/29 10:05:53.854|OPE:TGroupForm.CheckBoxTempClick2021/01/29 10:05:53.860|OPE:TGroupForm.CheckBoxTempClick2021/01/29 10:05:53.866|OPE:TGroupForm.CheckBoxTempClick2021/01/29 10:05:53.872|OPE:TGroupForm.CheckBoxTempClick2021/01/29 10:05:53.878|OPE:TGroupForm.CheckBoxTempClick2021/01/29 10:05:53.884|OPE:TGroupForm.CheckBoxTempClick2021/01/29 10:05:53.890|OPE:TGroupForm.CheckBoxTempClick2021/01/29 10:05:53.897|OPE:TGroupForm.CheckBoxTempClick2021/01/29 10:05:53.903|OPE:TGroupForm.CheckBoxTempClick2021/01/29 10:05:53.909|OPE:TGroupForm.CheckBoxTempClick2021/01/29 10:05:53.915|OPE:TGroupForm.CheckBoxTempClick2021/01/29 10:05:53.921|OPE:TGroupForm.CheckBoxTempClick2021/01/29 10:05:53.927|OPE:TGroupForm.CheckBoxTempClick2021/01/29 10:05:53.933|OPE:TGroupForm.CheckBoxTempClick2021/01/29 10:05:53.940|OPE:TGroupForm.CheckBoxTempClick2021/01/29 10:05:53.945|OPE:TGroupForm.CheckBoxTempClick2021/01/29 10:05:53.952|OPE:TGroupForm.CheckBoxTempClick2021/01/29 10:05:53.957|OPE:TGroupForm.CheckBoxTempClick2021/01/29 10:05:53.964|OPE:TGroupForm.CheckBoxTempClick2021/01/29 10:05:53.970|OPE:TGroupForm.CheckBoxTempClick2021/01/29 10:05:53.976|OPE:TGroupForm.CheckBoxTempClick2021/01/29 10:05:53.982|OPE:TGroupForm.CheckBoxTempClick2021/01/29 10:05:53.988|OPE:TGroupForm.CheckBoxTempClick2021/01/29 10:05:53.994|OPE:TGroupForm.CheckBoxTempClick2021/01/29 10:05:54.003|OPE:TGroupForm.CheckBoxTempClick2021/01/29 10:05:54.009|OPE:TGroupForm.CheckBoxTempClick2021/01/29 10:05:54.015|OPE:TGroupForm.CheckBoxTempClick2021/01/29 10:05:54.021|OPE:TGroupForm.CheckBoxTempClick2021/01/29 10:05:54.027|OPE:TGroupForm.CheckBoxTempClick2021/01/29 10:05:54.033|OPE:TGroupForm.CheckBoxTempClick2021/01/29 10:05:54.039|OPE:TGroupForm.CheckBoxTempClick2021/01/29 10:05:54.045|OPE:TGroupForm.CheckBoxTempClick2021/01/29 10:05:54.051|OPE:TGroupForm.CheckBoxTempClick2021/01/29 10:05:54.057|OPE:TGroupForm.CheckBoxTempClick2021/01/29 10:05:54.064|OPE:TGroupForm.CheckBoxTempClick2021/01/29 10:05:54.070|OPE:TGroupForm.CheckBoxTempClick2021/01/29 10:05:54.077|OPE:TGroupForm.TopLabelClick 22021/01/29 10:05:54.561|OPE:TGroupForm.DispXPTGroup2021/01/29 10:05:54.568|OPE:TGroupForm.CheckBoxTempClick2021/01/29 10:05:54.574|OPE:TGroupForm.CheckBoxTempClick2021/01/29 10:05:54.580|OPE:TGroupForm.CheckBoxTempClick2021/01/29 10:05:54.586|OPE:TGroupForm.CheckBoxTempClick2021/01/29 10:05:54.592|OPE:TGroupForm.CheckBoxTempClick2021/01/29 10:05:54.598|OPE:TGroupForm.CheckBoxTempClick2021/01/29 10:05:54.605|OPE:TGroupForm.CheckBoxTempClick2021/01/29 10:05:54.611|OPE:TGroupForm.CheckBoxTempClick2021/01/29 10:05:54.617|OPE:TGroupForm.CheckBoxTempClick2021/01/29 10:05:54.625|OPE:TGroupForm.CheckBoxTempClick2021/01/29 10:05:54.633|OPE:TGroupForm.CheckBoxTempClick2021/01/29 10:05:54.641|OPE:TGroupForm.CheckBoxTempClick2021/01/29 10:05:54.650|OPE:TGroupForm.CheckBoxTempClick2021/01/29 10:05:54.656|OPE:TGroupForm.CheckBoxTempClick2021/01/29 10:05:54.664|OPE:TGroupForm.CheckBoxTempClick2021/01/29 10:05:54.672|OPE:TGroupForm.CheckBoxTempClick2021/01/29 10:05:54.681|OPE:TGroupForm.CheckBoxTempClick2021/01/29 10:05:54.689|OPE:TGroupForm.CheckBoxTempClick2021/01/29 10:05:54.696|OPE:TGroupForm.CheckBoxTempClick2021/01/29 10:05:54.702|OPE:TGroupForm.CheckBoxTempClick2021/01/29 10:05:54.709|OPE:TGroupForm.CheckBoxTempClick2021/01/29 10:05:54.715|OPE:TGroupForm.CheckBoxTempClick2021/01/29 10:05:54.722|OPE:TGroupForm.CheckBoxTempClick2021/01/29 10:05:54.729|OPE:TGroupForm.CheckBoxTempClick2021/01/29 10:05:54.737|OPE:TGroupForm.CheckBoxTempClick2021/01/29 10:05:54.743|OPE:TGroupForm.CheckBoxTempClick2021/01/29 10:05:54.752|OPE:TGroupForm.CheckBoxTempClick2021/01/29 10:05:54.758|OPE:TGroupForm.CheckBoxTempClick2021/01/29 10:05:54.766|OPE:TGroupForm.CheckBoxTempClick2021/01/29 10:05:54.776|OPE:TGroupForm.CheckBoxTempClick2021/01/29 10:05:54.785|OPE:TGroupForm.CheckBoxTempClick2021/01/29 10:05:54.794|OPE:TGroupForm.CheckBoxTempClick2021/01/29 10:05:54.804|OPE:TGroupForm.CheckBoxTempClick2021/01/29 10:05:54.812|OPE:TGroupForm.CheckBoxTempClick2021/01/29 10:05:54.819|OPE:TGroupForm.CheckBoxTempClick2021/01/29 10:05:54.826|OPE:TGroupForm.CheckBoxTempClick2021/01/29 10:05:54.834|OPE:TGroupForm.CheckBoxTempClick2021/01/29 10:05:54.842|OPE:TGroupForm.CheckBoxTempClick2021/01/29 10:05:54.851|OPE:TGroupForm.CheckBoxTempClick2021/01/29 10:05:54.860|OPE:TGroupForm.CheckBoxTempClick2021/01/29 10:05:54.867|OPE:TGroupForm.CheckBoxTempClick2021/01/29 10:05:54.875|OPE:TGroupForm.CheckBoxTempClick2021/01/29 10:05:54.883|OPE:TGroupForm.CheckBoxTempClick2021/01/29 10:05:54.890|OPE:TGroupForm.CheckBoxTempClick2021/01/29 10:05:54.896|OPE:TGroupForm.CheckBoxTempClick2021/01/29 10:05:54.903|OPE:TGroupForm.CheckBoxTempClick2021/01/29 10:05:54.910|OPE:TGroupForm.CheckBoxTempClick2021/01/29 10:05:54.916|OPE:TGroupForm.CheckBoxTempClick2021/01/29 10:05:54.923|OPE:TGroupForm.CheckBoxTempClick2021/01/29 10:05:54.931|OPE:TGroupForm.CheckBoxTempClick2021/01/29 10:05:54.938|OPE:TGroupForm.CheckBoxTempClick2021/01/29 10:05:54.944|OPE:TGroupForm.CheckBoxTempClick2021/01/29 10:05:54.952|OPE:TGroupForm.CheckBoxTempClick2021/01/29 10:05:54.958|OPE:TGroupForm.CheckBoxTempClick2021/01/29 10:05:54.965|OPE:TGroupForm.CheckBoxTempClick2021/01/29 10:05:54.973|OPE:TGroupForm.CheckBoxTempClick2021/01/29 10:05:54.980|OPE:TGroupForm.CheckBoxTempClick2021/01/29 10:05:54.987|OPE:TGroupForm.CheckBoxTempClick2021/01/29 10:05:54.994|OPE:TGroupForm.CheckBoxTempClick2021/01/29 10:05:55.001|OPE:TGroupForm.CheckBoxTempClick2021/01/29 10:05:55.008|OPE:TGroupForm.CheckBoxTempClick2021/01/29 10:05:55.015|OPE:TGroupForm.CheckBoxTempClick2021/01/29 10:05:55.023|OPE:TGroupForm.CheckBoxTempClick2021/01/29 10:05:55.031|OPE:TGroupForm.CheckBoxTempClick2021/01/29 10:05:55.038|OPE:TGroupForm.CheckBoxTempClick2021/01/29 10:05:55.045|OPE:TGroupForm.CheckBoxTempClick2021/01/29 10:05:55.054|OPE:TGroupForm.CheckBoxTempClick2021/01/29 10:05:55.062|OPE:TGroupForm.CheckBoxTempClick2021/01/29 10:05:55.068|OPE:TGroupForm.CheckBoxTempClick2021/01/29 10:05:55.074|OPE:TGroupForm.CheckBoxTempClick2021/01/29 10:05:55.081|OPE:TGroupForm.CheckBoxTempClick2021/01/29 10:05:55.087|OPE:TGroupForm.CheckBoxTempClick2021/01/29 10:05:55.093|OPE:TGroupForm.CheckBoxTempClick2021/01/29 10:05:55.099|OPE:TGroupForm.CheckBoxTempClick2021/01/29 10:05:55.105|OPE:TGroupForm.CheckBoxTempClick2021/01/29 10:05:55.112|OPE:TGroupForm.CheckBoxTempClick2021/01/29 10:05:55.118|OPE:TGroupForm.CheckBoxTempClick2021/01/29 10:05:55.124|OPE:TGroupForm.CheckBoxTempClick2021/01/29 10:05:55.130|OPE:TGroupForm.CheckBoxTempClick2021/01/29 10:05:55.136|OPE:TGroupForm.CheckBoxTempClick2021/01/29 10:05:55.142|OPE:TGroupForm.CheckBoxTempClick2021/01/29 10:05:55.149|OPE:TGroupForm.CheckBoxTempClick2021/01/29 10:05:55.157|OPE:TGroupForm.CheckBoxTempClick2021/01/29 10:05:55.163|OPE:TGroupForm.CheckBoxTempClick2021/01/29 10:05:55.169|OPE:TGroupForm.CheckBoxTempClick2021/01/29 10:05:55.176|OPE:TGroupForm.CheckBoxTempClick2021/01/29 10:05:55.182|OPE:TGroupForm.CheckBoxTempClick2021/01/29 10:05:55.188|OPE:TGroupForm.CheckBoxTempClick2021/01/29 10:05:55.194|OPE:TGroupForm.CheckBoxTempClick2021/01/29 10:05:55.200|OPE:TGroupForm.CheckBoxTempClick2021/01/29 10:05:55.206|OPE:TGroupForm.CheckBoxTempClick2021/01/29 10:05:55.213|OPE:TGroupForm.CheckBoxTempClick2021/01/29 10:05:55.219|OPE:TGroupForm.CheckBoxTempClick2021/01/29 10:05:55.225|OPE:TGroupForm.CheckBoxTempClick2021/01/29 10:05:55.231|OPE:TGroupForm.CheckBoxTempClick2021/01/29 10:05:55.236|OPE:TGroupForm.CheckBoxTempClick2021/01/29 10:05:55.243|OPE:TGroupForm.CheckBoxTempClick2021/01/29 10:05:55.249|OPE:TGroupForm.CheckBoxTempClick2021/01/29 10:05:55.255|OPE:TGroupForm.CheckBoxTempClick2021/01/29 10:05:55.261|OPE:TGroupForm.CheckBoxTempClick2021/01/29 10:05:55.268|OPE:TGroupForm.TopLabelClick 32021/01/29 10:05:55.460|OPE:TGroupForm.DispXPTGroup2021/01/29 10:05:55.467|OPE:TGroupForm.CheckBoxTempClick2021/01/29 10:05:55.475|OPE:TGroupForm.CheckBoxTempClick2021/01/29 10:05:55.482|OPE:TGroupForm.CheckBoxTempClick2021/01/29 10:05:55.488|OPE:TGroupForm.CheckBoxTempClick2021/01/29 10:05:55.494|OPE:TGroupForm.CheckBoxTempClick2021/01/29 10:05:55.501|OPE:TGroupForm.CheckBoxTempClick2021/01/29 10:05:55.507|OPE:TGroupForm.CheckBoxTempClick2021/01/29 10:05:55.513|OPE:TGroupForm.CheckBoxTempClick2021/01/29 10:05:55.519|OPE:TGroupForm.CheckBoxTempClick2021/01/29 10:05:55.526|OPE:TGroupForm.CheckBoxTempClick2021/01/29 10:05:55.532|OPE:TGroupForm.CheckBoxTempClick2021/01/29 10:05:55.538|OPE:TGroupForm.CheckBoxTempClick2021/01/29 10:05:55.544|OPE:TGroupForm.CheckBoxTempClick2021/01/29 10:05:55.550|OPE:TGroupForm.CheckBoxTempClick2021/01/29 10:05:55.556|OPE:TGroupForm.CheckBoxTempClick2021/01/29 10:05:55.563|OPE:TGroupForm.CheckBoxTempClick2021/01/29 10:05:55.570|OPE:TGroupForm.CheckBoxTempClick2021/01/29 10:05:55.576|OPE:TGroupForm.CheckBoxTempClick2021/01/29 10:05:55.582|OPE:TGroupForm.CheckBoxTempClick2021/01/29 10:05:55.588|OPE:TGroupForm.CheckBoxTempClick2021/01/29 10:05:55.594|OPE:TGroupForm.CheckBoxTempClick2021/01/29 10:05:55.600|OPE:TGroupForm.CheckBoxTempClick2021/01/29 10:05:55.606|OPE:TGroupForm.CheckBoxTempClick2021/01/29 10:05:55.612|OPE:TGroupForm.CheckBoxTempClick2021/01/29 10:05:55.618|OPE:TGroupForm.CheckBoxTempClick2021/01/29 10:05:55.625|OPE:TGroupForm.CheckBoxTempClick2021/01/29 10:05:55.631|OPE:TGroupForm.CheckBoxTempClick2021/01/29 10:05:55.637|OPE:TGroupForm.CheckBoxTempClick2021/01/29 10:05:55.643|OPE:TGroupForm.CheckBoxTempClick2021/01/29 10:05:55.649|OPE:TGroupForm.CheckBoxTempClick2021/01/29 10:05:55.655|OPE:TGroupForm.CheckBoxTempClick2021/01/29 10:05:55.662|OPE:TGroupForm.CheckBoxTempClick2021/01/29 10:05:55.668|OPE:TGroupForm.CheckBoxTempClick2021/01/29 10:05:55.674|OPE:TGroupForm.CheckBoxTempClick2021/01/29 10:05:55.681|OPE:TGroupForm.CheckBoxTempClick2021/01/29 10:05:55.687|OPE:TGroupForm.CheckBoxTempClick2021/01/29 10:05:55.694|OPE:TGroupForm.CheckBoxTempClick2021/01/29 10:05:55.700|OPE:TGroupForm.CheckBoxTempClick2021/01/29 10:05:55.706|OPE:TGroupForm.CheckBoxTempClick2021/01/29 10:05:55.712|OPE:TGroupForm.CheckBoxTempClick2021/01/29 10:05:55.718|OPE:TGroupForm.CheckBoxTempClick2021/01/29 10:05:55.724|OPE:TGroupForm.CheckBoxTempClick2021/01/29 10:05:55.731|OPE:TGroupForm.CheckBoxTempClick2021/01/29 10:05:55.737|OPE:TGroupForm.CheckBoxTempClick2021/01/29 10:05:55.743|OPE:TGroupForm.CheckBoxTempClick2021/01/29 10:05:55.749|OPE:TGroupForm.CheckBoxTempClick2021/01/29 10:05:55.755|OPE:TGroupForm.CheckBoxTempClick2021/01/29 10:05:55.761|OPE:TGroupForm.CheckBoxTempClick2021/01/29 10:05:55.767|OPE:TGroupForm.CheckBoxTempClick2021/01/29 10:05:55.773|OPE:TGroupForm.CheckBoxTempClick2021/01/29 10:05:55.780|OPE:TGroupForm.CheckBoxTempClick2021/01/29 10:05:55.786|OPE:TGroupForm.CheckBoxTempClick2021/01/29 10:05:55.792|OPE:TGroupForm.CheckBoxTempClick2021/01/29 10:05:55.798|OPE:TGroupForm.CheckBoxTempClick2021/01/29 10:05:55.803|OPE:TGroupForm.CheckBoxTempClick2021/01/29 10:05:55.809|OPE:TGroupForm.CheckBoxTempClick2021/01/29 10:05:55.815|OPE:TGroupForm.CheckBoxTempClick2021/01/29 10:05:55.821|OPE:TGroupForm.CheckBoxTempClick2021/01/29 10:05:55.827|OPE:TGroupForm.CheckBoxTempClick2021/01/29 10:05:55.834|OPE:TGroupForm.CheckBoxTempClick2021/01/29 10:05:55.840|OPE:TGroupForm.CheckBoxTempClick2021/01/29 10:05:55.846|OPE:TGroupForm.CheckBoxTempClick2021/01/29 10:05:55.852|OPE:TGroupForm.CheckBoxTempClick2021/01/29 10:05:55.858|OPE:TGroupForm.CheckBoxTempClick2021/01/29 10:05:55.864|OPE:TGroupForm.CheckBoxTempClick2021/01/29 10:05:55.871|OPE:TGroupForm.CheckBoxTempClick2021/01/29 10:05:55.877|OPE:TGroupForm.CheckBoxTempClick2021/01/29 10:05:55.884|OPE:TGroupForm.CheckBoxTempClick2021/01/29 10:05:55.890|OPE:TGroupForm.CheckBoxTempClick2021/01/29 10:05:55.896|OPE:TGroupForm.CheckBoxTempClick2021/01/29 10:05:55.902|OPE:TGroupForm.CheckBoxTempClick2021/01/29 10:05:55.908|OPE:TGroupForm.CheckBoxTempClick2021/01/29 10:05:55.915|OPE:TGroupForm.CheckBoxTempClick2021/01/29 10:05:55.921|OPE:TGroupForm.CheckBoxTempClick2021/01/29 10:05:55.927|OPE:TGroupForm.CheckBoxTempClick2021/01/29 10:05:55.933|OPE:TGroupForm.CheckBoxTempClick2021/01/29 10:05:55.940|OPE:TGroupForm.CheckBoxTempClick2021/01/29 10:05:55.946|OPE:TGroupForm.CheckBoxTempClick2021/01/29 10:05:55.952|OPE:TGroupForm.CheckBoxTempClick2021/01/29 10:05:55.958|OPE:TGroupForm.CheckBoxTempClick2021/01/29 10:05:55.964|OPE:TGroupForm.CheckBoxTempClick2021/01/29 10:05:55.971|OPE:TGroupForm.CheckBoxTempClick2021/01/29 10:05:55.977|OPE:TGroupForm.CheckBoxTempClick2021/01/29 10:05:55.983|OPE:TGroupForm.CheckBoxTempClick2021/01/29 10:05:55.989|OPE:TGroupForm.CheckBoxTempClick2021/01/29 10:05:55.995|OPE:TGroupForm.CheckBoxTempClick2021/01/29 10:05:56.002|OPE:TGroupForm.CheckBoxTempClick2021/01/29 10:05:56.008|OPE:TGroupForm.CheckBoxTempClick2021/01/29 10:05:56.014|OPE:TGroupForm.CheckBoxTempClick2021/01/29 10:05:56.020|OPE:TGroupForm.CheckBoxTempClick2021/01/29 10:05:56.026|OPE:TGroupForm.CheckBoxTempClick2021/01/29 10:05:56.033|OPE:TGroupForm.CheckBoxTempClick2021/01/29 10:05:56.039|OPE:TGroupForm.CheckBoxTempClick2021/01/29 10:05:56.045|OPE:TGroupForm.CheckBoxTempClick2021/01/29 10:05:56.051|OPE:TGroupForm.CheckBoxTempClick2021/01/29 10:05:56.057|OPE:TGroupForm.CheckBoxTempClick2021/01/29 10:05:56.064|OPE:TGroupForm.CheckBoxTempClick2021/01/29 10:05:56.070|OPE:TGroupForm.CheckBoxTempClick2021/01/29 10:05:56.076|OPE:TGroupForm.CheckBoxTempClick2021/01/29 10:05:56.082|OPE:TGroupForm.CheckBoxTempClick2021/01/29 10:05:56.089|OPE:TGroupForm.TopLabelClick 42021/01/29 10:05:56.574|OPE:TGroupForm.DispXPTGroup2021/01/29 10:05:56.581|OPE:TGroupForm.CheckBoxTempClick2021/01/29 10:05:56.587|OPE:TGroupForm.CheckBoxTempClick2021/01/29 10:05:56.594|OPE:TGroupForm.CheckBoxTempClick2021/01/29 10:05:56.600|OPE:TGroupForm.CheckBoxTempClick2021/01/29 10:05:56.606|OPE:TGroupForm.CheckBoxTempClick2021/01/29 10:05:56.612|OPE:TGroupForm.CheckBoxTempClick2021/01/29 10:05:56.617|OPE:TGroupForm.CheckBoxTempClick2021/01/29 10:05:56.624|OPE:TGroupForm.CheckBoxTempClick2021/01/29 10:05:56.630|OPE:TGroupForm.CheckBoxTempClick2021/01/29 10:05:56.636|OPE:TGroupForm.CheckBoxTempClick2021/01/29 10:05:56.643|OPE:TGroupForm.CheckBoxTempClick2021/01/29 10:05:56.649|OPE:TGroupForm.CheckBoxTempClick2021/01/29 10:05:56.655|OPE:TGroupForm.CheckBoxTempClick2021/01/29 10:05:56.661|OPE:TGroupForm.CheckBoxTempClick2021/01/29 10:05:56.667|OPE:TGroupForm.CheckBoxTempClick2021/01/29 10:05:56.674|OPE:TGroupForm.CheckBoxTempClick2021/01/29 10:05:56.680|OPE:TGroupForm.CheckBoxTempClick2021/01/29 10:05:56.686|OPE:TGroupForm.CheckBoxTempClick2021/01/29 10:05:56.693|OPE:TGroupForm.CheckBoxTempClick2021/01/29 10:05:56.699|OPE:TGroupForm.CheckBoxTempClick2021/01/29 10:05:56.705|OPE:TGroupForm.CheckBoxTempClick2021/01/29 10:05:56.711|OPE:TGroupForm.CheckBoxTempClick2021/01/29 10:05:56.718|OPE:TGroupForm.CheckBoxTempClick2021/01/29 10:05:56.724|OPE:TGroupForm.CheckBoxTempClick2021/01/29 10:05:56.730|OPE:TGroupForm.CheckBoxTempClick2021/01/29 10:05:56.736|OPE:TGroupForm.CheckBoxTempClick2021/01/29 10:05:56.742|OPE:TGroupForm.CheckBoxTempClick2021/01/29 10:05:56.749|OPE:TGroupForm.CheckBoxTempClick2021/01/29 10:05:56.755|OPE:TGroupForm.CheckBoxTempClick2021/01/29 10:05:56.761|OPE:TGroupForm.CheckBoxTempClick2021/01/29 10:05:56.767|OPE:TGroupForm.CheckBoxTempClick2021/01/29 10:05:56.773|OPE:TGroupForm.CheckBoxTempClick2021/01/29 10:05:56.779|OPE:TGroupForm.CheckBoxTempClick2021/01/29 10:05:56.786|OPE:TGroupForm.CheckBoxTempClick2021/01/29 10:05:56.792|OPE:TGroupForm.CheckBoxTempClick2021/01/29 10:05:56.798|OPE:TGroupForm.CheckBoxTempClick2021/01/29 10:05:56.805|OPE:TGroupForm.CheckBoxTempClick2021/01/29 10:05:56.811|OPE:TGroupForm.CheckBoxTempClick2021/01/29 10:05:56.817|OPE:TGroupForm.CheckBoxTempClick2021/01/29 10:05:56.823|OPE:TGroupForm.CheckBoxTempClick2021/01/29 10:05:56.829|OPE:TGroupForm.CheckBoxTempClick2021/01/29 10:05:56.836|OPE:TGroupForm.CheckBoxTempClick2021/01/29 10:05:56.842|OPE:TGroupForm.CheckBoxTempClick2021/01/29 10:05:56.848|OPE:TGroupForm.CheckBoxTempClick2021/01/29 10:05:56.854|OPE:TGroupForm.CheckBoxTempClick2021/01/29 10:05:56.860|OPE:TGroupForm.CheckBoxTempClick2021/01/29 10:05:56.866|OPE:TGroupForm.CheckBoxTempClick2021/01/29 10:05:56.873|OPE:TGroupForm.CheckBoxTempClick2021/01/29 10:05:56.879|OPE:TGroupForm.CheckBoxTempClick2021/01/29 10:05:56.885|OPE:TGroupForm.CheckBoxTempClick2021/01/29 10:05:56.892|OPE:TGroupForm.CheckBoxTempClick2021/01/29 10:05:56.898|OPE:TGroupForm.CheckBoxTempClick2021/01/29 10:05:56.904|OPE:TGroupForm.CheckBoxTempClick2021/01/29 10:05:56.911|OPE:TGroupForm.CheckBoxTempClick2021/01/29 10:05:56.917|OPE:TGroupForm.CheckBoxTempClick2021/01/29 10:05:56.923|OPE:TGroupForm.CheckBoxTempClick2021/01/29 10:05:56.929|OPE:TGroupForm.CheckBoxTempClick2021/01/29 10:05:56.935|OPE:TGroupForm.CheckBoxTempClick2021/01/29 10:05:56.942|OPE:TGroupForm.CheckBoxTempClick2021/01/29 10:05:56.948|OPE:TGroupForm.CheckBoxTempClick2021/01/29 10:05:56.954|OPE:TGroupForm.CheckBoxTempClick2021/01/29 10:05:56.961|OPE:TGroupForm.CheckBoxTempClick2021/01/29 10:05:56.967|OPE:TGroupForm.CheckBoxTempClick2021/01/29 10:05:56.974|OPE:TGroupForm.CheckBoxTempClick2021/01/29 10:05:56.980|OPE:TGroupForm.CheckBoxTempClick2021/01/29 10:05:56.986|OPE:TGroupForm.CheckBoxTempClick2021/01/29 10:05:56.991|OPE:TGroupForm.CheckBoxTempClick2021/01/29 10:05:56.998|OPE:TGroupForm.CheckBoxTempClick2021/01/29 10:05:57.004|OPE:TGroupForm.CheckBoxTempClick2021/01/29 10:05:57.010|OPE:TGroupForm.CheckBoxTempClick2021/01/29 10:05:57.016|OPE:TGroupForm.CheckBoxTempClick2021/01/29 10:05:57.022|OPE:TGroupForm.CheckBoxTempClick2021/01/29 10:05:57.029|OPE:TGroupForm.CheckBoxTempClick2021/01/29 10:05:57.035|OPE:TGroupForm.CheckBoxTempClick2021/01/29 10:05:57.041|OPE:TGroupForm.CheckBoxTempClick2021/01/29 10:05:57.047|OPE:TGroupForm.CheckBoxTempClick2021/01/29 10:05:57.054|OPE:TGroupForm.CheckBoxTempClick2021/01/29 10:05:57.060|OPE:TGroupForm.CheckBoxTempClick2021/01/29 10:05:57.067|OPE:TGroupForm.CheckBoxTempClick2021/01/29 10:05:57.073|OPE:TGroupForm.CheckBoxTempClick2021/01/29 10:05:57.079|OPE:TGroupForm.CheckBoxTempClick2021/01/29 10:05:57.085|OPE:TGroupForm.CheckBoxTempClick2021/01/29 10:05:57.092|OPE:TGroupForm.CheckBoxTempClick2021/01/29 10:05:57.098|OPE:TGroupForm.CheckBoxTempClick2021/01/29 10:05:57.104|OPE:TGroupForm.CheckBoxTempClick2021/01/29 10:05:57.110|OPE:TGroupForm.CheckBoxTempClick2021/01/29 10:05:57.117|OPE:TGroupForm.CheckBoxTempClick2021/01/29 10:05:57.123|OPE:TGroupForm.CheckBoxTempClick2021/01/29 10:05:57.129|OPE:TGroupForm.CheckBoxTempClick2021/01/29 10:05:57.135|OPE:TGroupForm.CheckBoxTempClick2021/01/29 10:05:57.142|OPE:TGroupForm.CheckBoxTempClick2021/01/29 10:05:57.148|OPE:TGroupForm.CheckBoxTempClick2021/01/29 10:05:57.154|OPE:TGroupForm.CheckBoxTempClick2021/01/29 10:05:57.162|OPE:TGroupForm.CheckBoxTempClick2021/01/29 10:05:57.168|OPE:TGroupForm.CheckBoxTempClick2021/01/29 10:05:57.175|OPE:TGroupForm.TopLabelClick 52021/01/29 10:06:44.476|OPE:ListToolButtonMouseDown ÉäÉXÉg  Å•  